{
  "teams": [
    "ARI",
    "ATH",
    "ATL",
    "BAL",
    "BOS",
    "CHC",
    "CIN",
    "CLE",
    "COL",
    "CWS",
    "DET",
    "HOU",
    "KCR",
    "LAA",
    "LAD",
    "MIA",
    "MIL",
    "MIN",
    "NYM",
    "NYY",
    "PHI",
    "PIT",
    "ROC",
    "SDP",
    "SEA",
    "SFG",
    "STL",
    "TBR",
    "TEX",
    "TOR",
    "WSH"
  ],
  "pitchTypes": [
    "CH",
    "CU",
    "EP",
    "FC",
    "FF",
    "FS",
    "SI",
    "SL",
    "ST",
    "SV"
  ],
  "generatedAt": "2026-04-08 15:21",
  "totalPitches": 50068,
  "totalPitchers": 424,
  "totalHitters": 406,
  "rocTeams": [
    "ROC"
  ],
  "leagueAverages": {
    "FF": {
      "velocity": 94.58,
      "spinRate": 2313.14,
      "indVertBrk": 16.32,
      "horzBrk": 3.49,
      "relPosZ": 5.67,
      "relPosX": -0.7,
      "extension": 6.51,
      "armAngle": 39.77,
      "vaa": -4.62,
      "haa": 0.5,
      "strikePct": 0.6553,
      "izPct": 0.5249,
      "swStrRate": 0.1082,
      "swStrPct": 0.2227,
      "cswPct": 0.2831,
      "izWhiffPct": 0.1741,
      "chasePct": 0.2786,
      "gbPct": 0.3103,
      "fpsPct": 0.6043,
      "breakTiltMinutes": 24,
      "breakTilt": "12:24",
      "xBA": 0.2455,
      "xSLG": 0.4448,
      "xwOBA": 0.3542,
      "count": 390
    },
    "SI": {
      "velocity": 93.97,
      "spinRate": 2186.95,
      "indVertBrk": 7.6,
      "horzBrk": 5.7,
      "relPosZ": 5.54,
      "relPosX": -0.54,
      "extension": 6.42,
      "armAngle": 33.14,
      "vaa": -5.82,
      "haa": 0.03,
      "strikePct": 0.6602,
      "izPct": 0.5493,
      "swStrRate": 0.0648,
      "swStrPct": 0.1436,
      "cswPct": 0.2772,
      "izWhiffPct": 0.0995,
      "chasePct": 0.2464,
      "gbPct": 0.5444,
      "fpsPct": 0.6084,
      "breakTiltMinutes": 72,
      "breakTilt": "1:12",
      "xBA": 0.2775,
      "xSLG": 0.4073,
      "xwOBA": 0.3519,
      "count": 312
    },
    "FS": {
      "velocity": 86.77,
      "spinRate": 1408.0,
      "indVertBrk": 2.51,
      "horzBrk": 7.9,
      "relPosZ": 5.68,
      "relPosX": -1.08,
      "extension": 6.61,
      "armAngle": 39.37,
      "vaa": -7.77,
      "haa": 0.36,
      "strikePct": 0.5858,
      "izPct": 0.3763,
      "swStrRate": 0.1816,
      "swStrPct": 0.3626,
      "cswPct": 0.2596,
      "izWhiffPct": 0.2492,
      "chasePct": 0.3474,
      "gbPct": 0.5528,
      "fpsPct": 0.5603,
      "breakTiltMinutes": 132,
      "breakTilt": "2:12",
      "xBA": 0.1959,
      "xSLG": 0.2863,
      "xwOBA": 0.2364,
      "count": 91
    },
    "ST": {
      "velocity": 82.32,
      "spinRate": 2567.73,
      "indVertBrk": 1.25,
      "horzBrk": -4.62,
      "relPosZ": 5.44,
      "relPosX": -0.52,
      "extension": 6.33,
      "armAngle": 29.94,
      "vaa": -7.66,
      "haa": 1.24,
      "strikePct": 0.5911,
      "izPct": 0.4412,
      "swStrRate": 0.1446,
      "swStrPct": 0.3236,
      "cswPct": 0.3025,
      "izWhiffPct": 0.2056,
      "chasePct": 0.2761,
      "gbPct": 0.323,
      "fpsPct": 0.567,
      "breakTiltMinutes": 569,
      "breakTilt": "9:29",
      "xBA": 0.1791,
      "xSLG": 0.2963,
      "xwOBA": 0.2526,
      "count": 201
    },
    "SL": {
      "velocity": 86.23,
      "spinRate": 2426.97,
      "indVertBrk": 1.01,
      "horzBrk": -1.45,
      "relPosZ": 5.78,
      "relPosX": -0.66,
      "extension": 6.36,
      "armAngle": 41.02,
      "vaa": -7.79,
      "haa": 1.09,
      "strikePct": 0.6271,
      "izPct": 0.4596,
      "swStrRate": 0.17,
      "swStrPct": 0.356,
      "cswPct": 0.3261,
      "izWhiffPct": 0.2131,
      "chasePct": 0.3196,
      "gbPct": 0.433,
      "fpsPct": 0.6113,
      "breakTiltMinutes": 615,
      "breakTilt": "10:15",
      "xBA": 0.2174,
      "xSLG": 0.3606,
      "xwOBA": 0.2835,
      "count": 262
    },
    "FC": {
      "velocity": 89.78,
      "spinRate": 2381.26,
      "indVertBrk": 8.61,
      "horzBrk": -1.04,
      "relPosZ": 5.68,
      "relPosX": -0.69,
      "extension": 6.4,
      "armAngle": 37.71,
      "vaa": -6.01,
      "haa": 1.07,
      "strikePct": 0.6504,
      "izPct": 0.532,
      "swStrRate": 0.1154,
      "swStrPct": 0.2433,
      "cswPct": 0.2906,
      "izWhiffPct": 0.176,
      "chasePct": 0.2481,
      "gbPct": 0.3772,
      "fpsPct": 0.6126,
      "breakTiltMinutes": 704,
      "breakTilt": "11:44",
      "xBA": 0.259,
      "xSLG": 0.4488,
      "xwOBA": 0.353,
      "count": 177
    },
    "CH": {
      "velocity": 86.02,
      "spinRate": 1759.27,
      "indVertBrk": 4.09,
      "horzBrk": 4.24,
      "relPosZ": 5.61,
      "relPosX": -0.42,
      "extension": 6.44,
      "armAngle": 36.38,
      "vaa": -7.52,
      "haa": 0.03,
      "strikePct": 0.5814,
      "izPct": 0.3976,
      "swStrRate": 0.1677,
      "swStrPct": 0.3469,
      "cswPct": 0.2624,
      "izWhiffPct": 0.2504,
      "chasePct": 0.3209,
      "gbPct": 0.5198,
      "fpsPct": 0.5526,
      "breakTiltMinutes": 106,
      "breakTilt": "1:46",
      "xBA": 0.2225,
      "xSLG": 0.321,
      "xwOBA": 0.2677,
      "count": 248
    },
    "SV": {
      "velocity": 82.18,
      "spinRate": 2563.57,
      "indVertBrk": -6.49,
      "horzBrk": -10.39,
      "relPosZ": 5.75,
      "relPosX": -1.57,
      "extension": 6.4,
      "armAngle": 36.9,
      "vaa": -8.94,
      "haa": 3.03,
      "strikePct": 0.5988,
      "izPct": 0.4259,
      "swStrRate": 0.1541,
      "swStrPct": 0.3572,
      "cswPct": 0.3183,
      "izWhiffPct": 0.1389,
      "chasePct": 0.3155,
      "gbPct": 0.4345,
      "fpsPct": 0.5686,
      "breakTiltMinutes": 471,
      "breakTilt": "7:51",
      "xBA": 0.19,
      "xSLG": 0.3031,
      "xwOBA": 0.2536,
      "count": 27
    },
    "CU": {
      "velocity": 80.45,
      "spinRate": 2556.0,
      "indVertBrk": -11.82,
      "horzBrk": -4.43,
      "relPosZ": 5.95,
      "relPosX": -0.77,
      "extension": 6.39,
      "armAngle": 44.54,
      "vaa": -9.87,
      "haa": 1.39,
      "strikePct": 0.5701,
      "izPct": 0.4209,
      "swStrRate": 0.1269,
      "swStrPct": 0.3163,
      "cswPct": 0.2977,
      "izWhiffPct": 0.165,
      "chasePct": 0.2696,
      "gbPct": 0.4996,
      "fpsPct": 0.5242,
      "breakTiltMinutes": 394,
      "breakTilt": "6:34",
      "xBA": 0.2172,
      "xSLG": 0.3561,
      "xwOBA": 0.2859,
      "count": 188
    }
  },
  "pitcherLeagueAverages": {
    "strikePct": 0.6288,
    "izPct": 0.485,
    "swStrRate": 0.1242,
    "swStrPct": 0.2672,
    "cswPct": 0.2883,
    "izWhiffPct": 0.1784,
    "chasePct": 0.2871,
    "gbPct": 0.4265,
    "kPct": 0.2358,
    "bbPct": 0.0963,
    "kbbPct": 0.1395,
    "babip": 0.2865,
    "fpsPct": 0.5923,
    "twoStrikeWhiffPct": 0.2608,
    "relPosZ": 5.6562,
    "relPosX": -0.6576,
    "extension": 6.4387,
    "armAngle": 37.7563,
    "vaa": -6.4787,
    "haa": 0.6506,
    "avgEVAgainst": 88.9363,
    "maxEVAgainst": 108.2904,
    "hardHitPct": 0.4015,
    "barrelPctAgainst": 0.0848,
    "ldPct": 0.2249,
    "fbPct": 0.2686,
    "puPct": 0.077,
    "hrFbPct": 0.1095,
    "wOBA": 0.3132,
    "xBA": 0.2352,
    "xSLG": 0.3858,
    "xwOBA": 0.316,
    "xwOBAcon": 0.3679,
    "count": 424,
    "era": 3.98,
    "hr9": 0.97,
    "fip": 3.95,
    "xFIP": 3.97,
    "siera": 3.98
  },
  "hitterLeagueAverages": {
    "wOBA": 0.3139,
    "xBA": 0.2356,
    "xSLG": 0.3872,
    "xwOBA": 0.3167,
    "xwOBAcon": 0.3676,
    "xwOBAsp": 0.3656,
    "avgEVAll": 88.9567,
    "ev50": 99.7522,
    "maxEV": 106.9174,
    "hardHitPct": 0.402,
    "barrelPct": 0.0853,
    "sacqPct": 0.2809,
    "gbPct": 0.4289,
    "ldPct": 0.2254,
    "fbPct": 0.2689,
    "puPct": 0.0769,
    "hrFbPct": 0.1162,
    "pullPct": 0.4482,
    "middlePct": 0.2835,
    "oppoPct": 0.2682,
    "airPullPct": 0.1873,
    "swingPct": 0.4658,
    "izSwingPct": 0.6508,
    "chasePct": 0.2902,
    "izSwChase": 0.3605,
    "contactPct": 0.7355,
    "izContactPct": 0.8242,
    "whiffPct": 0.2645,
    "batSpeed": 71.0089,
    "swingLength": 7.2929,
    "attackAngle": 9.9049,
    "attackDirection": -1.5984,
    "swingPathTilt": 32.1092,
    "twoStrikeWhiffPct": 0.2639,
    "firstPitchSwingPct": 0.3034,
    "avgFbDist": 309.8206,
    "avgHrDist": 393.3928,
    "sprintSpeed": 26.7334,
    "runValue": -0.057,
    "count": 406
  },
  "vaaRegressions": {
    "CH": {
      "slope": 1.085544,
      "intercept": -9.481376,
      "leagueAvgPlateZ": 1.808121
    },
    "CU": {
      "slope": 0.975858,
      "intercept": -11.645683,
      "leagueAvgPlateZ": 1.819337
    },
    "EP": {
      "slope": 0.974442,
      "intercept": -17.568024,
      "leagueAvgPlateZ": 2.888478
    },
    "FC": {
      "slope": 1.099871,
      "intercept": -8.797004,
      "leagueAvgPlateZ": 2.532449
    },
    "FF": {
      "slope": 1.066309,
      "intercept": -7.684057,
      "leagueAvgPlateZ": 2.873487
    },
    "FS": {
      "slope": 1.077402,
      "intercept": -9.614347,
      "leagueAvgPlateZ": 1.712371
    },
    "SI": {
      "slope": 1.093471,
      "intercept": -8.477198,
      "leagueAvgPlateZ": 2.433651
    },
    "SL": {
      "slope": 1.081457,
      "intercept": -9.885183,
      "leagueAvgPlateZ": 1.933908
    },
    "ST": {
      "slope": 1.119871,
      "intercept": -9.925996,
      "leagueAvgPlateZ": 2.025744
    },
    "SV": {
      "slope": 1.089791,
      "intercept": -10.959978,
      "leagueAvgPlateZ": 1.852892
    }
  },
  "haaRegressions": {
    "CH": {
      "slope": 0.750696,
      "intercept": 0.076724,
      "leagueAvgPlateX": -0.063921
    },
    "CU": {
      "slope": 1.274861,
      "intercept": 1.317316,
      "leagueAvgPlateX": 0.05645
    },
    "EP": {
      "slope": 1.061475,
      "intercept": 1.041761,
      "leagueAvgPlateX": 0.054457
    },
    "FC": {
      "slope": 1.69575,
      "intercept": 0.841433,
      "leagueAvgPlateX": 0.136267
    },
    "FF": {
      "slope": 1.031498,
      "intercept": 0.505353,
      "leagueAvgPlateX": -0.002435
    },
    "FS": {
      "slope": 0.847751,
      "intercept": 0.494034,
      "leagueAvgPlateX": -0.16266
    },
    "SI": {
      "slope": 0.81997,
      "intercept": 0.0888,
      "leagueAvgPlateX": -0.071342
    },
    "SL": {
      "slope": 1.830027,
      "intercept": 0.80442,
      "leagueAvgPlateX": 0.156968
    },
    "ST": {
      "slope": 2.37265,
      "intercept": 0.845167,
      "leagueAvgPlateX": 0.165368
    },
    "SV": {
      "slope": 1.604126,
      "intercept": 2.737178,
      "leagueAvgPlateX": 0.182253
    }
  },
  "sacqZones": [
    {
      "spray": "center",
      "laMin": null,
      "laMax": 0,
      "laBin": 0,
      "woba": 0.238,
      "xwobacon": 0.186,
      "quality": false,
      "count": 543
    },
    {
      "spray": "center",
      "laMin": 0,
      "laMax": 5,
      "laBin": 1,
      "woba": 0.456,
      "xwobacon": 0.399,
      "quality": false,
      "count": 140
    },
    {
      "spray": "center",
      "laMin": 5,
      "laMax": 10,
      "laBin": 2,
      "woba": 0.52,
      "xwobacon": 0.509,
      "quality": true,
      "count": 173
    },
    {
      "spray": "center",
      "laMin": 10,
      "laMax": 15,
      "laBin": 3,
      "woba": 0.709,
      "xwobacon": 0.723,
      "quality": true,
      "count": 171
    },
    {
      "spray": "center",
      "laMin": 15,
      "laMax": 20,
      "laBin": 4,
      "woba": 0.584,
      "xwobacon": 0.664,
      "quality": true,
      "count": 224
    },
    {
      "spray": "center",
      "laMin": 20,
      "laMax": 25,
      "laBin": 5,
      "woba": 0.44,
      "xwobacon": 0.663,
      "quality": false,
      "count": 190
    },
    {
      "spray": "center",
      "laMin": 25,
      "laMax": 30,
      "laBin": 6,
      "woba": 0.398,
      "xwobacon": 0.762,
      "quality": false,
      "count": 190
    },
    {
      "spray": "center",
      "laMin": 30,
      "laMax": 35,
      "laBin": 7,
      "woba": 0.299,
      "xwobacon": 0.577,
      "quality": false,
      "count": 179
    },
    {
      "spray": "center",
      "laMin": 35,
      "laMax": 40,
      "laBin": 8,
      "woba": 0.135,
      "xwobacon": 0.359,
      "quality": false,
      "count": 128
    },
    {
      "spray": "center",
      "laMin": 40,
      "laMax": 50,
      "laBin": 9,
      "woba": 0.064,
      "xwobacon": 0.094,
      "quality": false,
      "count": 193
    },
    {
      "spray": "center",
      "laMin": 50,
      "laMax": null,
      "laBin": 10,
      "woba": 0.012,
      "xwobacon": 0.02,
      "quality": false,
      "count": 172
    },
    {
      "spray": "oppo",
      "laMin": null,
      "laMax": 0,
      "laBin": 0,
      "woba": 0.294,
      "xwobacon": 0.175,
      "quality": false,
      "count": 354
    },
    {
      "spray": "oppo",
      "laMin": 0,
      "laMax": 5,
      "laBin": 1,
      "woba": 0.432,
      "xwobacon": 0.358,
      "quality": false,
      "count": 107
    },
    {
      "spray": "oppo",
      "laMin": 5,
      "laMax": 10,
      "laBin": 2,
      "woba": 0.613,
      "xwobacon": 0.468,
      "quality": true,
      "count": 117
    },
    {
      "spray": "oppo",
      "laMin": 10,
      "laMax": 15,
      "laBin": 3,
      "woba": 0.785,
      "xwobacon": 0.703,
      "quality": true,
      "count": 134
    },
    {
      "spray": "oppo",
      "laMin": 15,
      "laMax": 20,
      "laBin": 4,
      "woba": 0.623,
      "xwobacon": 0.636,
      "quality": true,
      "count": 121
    },
    {
      "spray": "oppo",
      "laMin": 20,
      "laMax": 25,
      "laBin": 5,
      "woba": 0.538,
      "xwobacon": 0.584,
      "quality": true,
      "count": 165
    },
    {
      "spray": "oppo",
      "laMin": 25,
      "laMax": 30,
      "laBin": 6,
      "woba": 0.468,
      "xwobacon": 0.551,
      "quality": false,
      "count": 154
    },
    {
      "spray": "oppo",
      "laMin": 30,
      "laMax": 35,
      "laBin": 7,
      "woba": 0.342,
      "xwobacon": 0.388,
      "quality": false,
      "count": 165
    },
    {
      "spray": "oppo",
      "laMin": 35,
      "laMax": 40,
      "laBin": 8,
      "woba": 0.15,
      "xwobacon": 0.16,
      "quality": false,
      "count": 134
    },
    {
      "spray": "oppo",
      "laMin": 40,
      "laMax": 50,
      "laBin": 9,
      "woba": 0.074,
      "xwobacon": 0.064,
      "quality": false,
      "count": 250
    },
    {
      "spray": "oppo",
      "laMin": 50,
      "laMax": null,
      "laBin": 10,
      "woba": 0.043,
      "xwobacon": 0.017,
      "quality": false,
      "count": 479
    },
    {
      "spray": "pull",
      "laMin": null,
      "laMax": 0,
      "laBin": 0,
      "woba": 0.149,
      "xwobacon": 0.156,
      "quality": false,
      "count": 1545
    },
    {
      "spray": "pull",
      "laMin": 0,
      "laMax": 5,
      "laBin": 1,
      "woba": 0.304,
      "xwobacon": 0.377,
      "quality": false,
      "count": 317
    },
    {
      "spray": "pull",
      "laMin": 5,
      "laMax": 10,
      "laBin": 2,
      "woba": 0.433,
      "xwobacon": 0.515,
      "quality": false,
      "count": 299
    },
    {
      "spray": "pull",
      "laMin": 10,
      "laMax": 15,
      "laBin": 3,
      "woba": 0.773,
      "xwobacon": 0.759,
      "quality": true,
      "count": 278
    },
    {
      "spray": "pull",
      "laMin": 15,
      "laMax": 20,
      "laBin": 4,
      "woba": 0.806,
      "xwobacon": 0.699,
      "quality": true,
      "count": 233
    },
    {
      "spray": "pull",
      "laMin": 20,
      "laMax": 25,
      "laBin": 5,
      "woba": 0.97,
      "xwobacon": 0.836,
      "quality": true,
      "count": 225
    },
    {
      "spray": "pull",
      "laMin": 25,
      "laMax": 30,
      "laBin": 6,
      "woba": 1.074,
      "xwobacon": 0.926,
      "quality": true,
      "count": 189
    },
    {
      "spray": "pull",
      "laMin": 30,
      "laMax": 35,
      "laBin": 7,
      "woba": 0.913,
      "xwobacon": 0.669,
      "quality": true,
      "count": 142
    },
    {
      "spray": "pull",
      "laMin": 35,
      "laMax": 40,
      "laBin": 8,
      "woba": 0.617,
      "xwobacon": 0.484,
      "quality": true,
      "count": 107
    },
    {
      "spray": "pull",
      "laMin": 40,
      "laMax": 50,
      "laBin": 9,
      "woba": 0.206,
      "xwobacon": 0.14,
      "quality": false,
      "count": 127
    },
    {
      "spray": "pull",
      "laMin": 50,
      "laMax": null,
      "laBin": 10,
      "woba": 0.028,
      "xwobacon": 0.018,
      "quality": false,
      "count": 162
    }
  ],
  "mvnModels": {
    "CH_L": {
      "mlb": {
        "mu": [
          4.310226,
          -14.504637,
          37.342212,
          6.380363,
          84.520392
        ],
        "cov": [
          [
            28.520252,
            0.835574,
            35.500205,
            0.315925,
            -2.143022
          ],
          [
            0.835574,
            9.81184,
            6.935371,
            0.106601,
            -2.425057
          ],
          [
            35.500205,
            6.935371,
            113.336171,
            0.061672,
            2.141417
          ],
          [
            0.315925,
            0.106601,
            0.061672,
            0.197101,
            -0.253214
          ],
          [
            -2.143022,
            -2.425057,
            2.141417,
            -0.253214,
            10.644861
          ]
        ],
        "n": 1682
      },
      "roc": {
        "mu": [
          4.399337,
          -14.500969,
          5.670719,
          1.837868,
          6.38669,
          84.663641
        ],
        "cov": [
          [
            28.409515,
            0.798703,
            0.901406,
            -1.277703,
            0.239553,
            -1.27034
          ],
          [
            0.798703,
            9.910443,
            0.081017,
            0.110511,
            0.083198,
            -2.006857
          ],
          [
            0.901406,
            0.081017,
            0.149825,
            -0.130785,
            -0.004718,
            0.187913
          ],
          [
            -1.277703,
            0.110511,
            -0.130785,
            0.572059,
            0.062967,
            -0.559735
          ],
          [
            0.239553,
            0.083198,
            -0.004718,
            0.062967,
            0.187813,
            -0.198861
          ],
          [
            -1.27034,
            -2.006857,
            0.187913,
            -0.559735,
            -0.198861,
            10.245438
          ]
        ],
        "n": 1961
      }
    },
    "CH_R": {
      "mlb": {
        "mu": [
          3.910101,
          14.896141,
          35.790168,
          6.465564,
          86.804262
        ],
        "cov": [
          [
            23.719975,
            1.961617,
            28.259948,
            0.068915,
            -2.094595
          ],
          [
            1.961617,
            12.854322,
            -7.961918,
            -0.022867,
            0.299996
          ],
          [
            28.259948,
            -7.961918,
            139.159041,
            0.072181,
            -3.518958
          ],
          [
            0.068915,
            -0.022867,
            0.072181,
            0.138553,
            -0.084442
          ],
          [
            -2.094595,
            0.299996,
            -3.518958,
            -0.084442,
            11.275091
          ]
        ],
        "n": 2980
      },
      "roc": {
        "mu": [
          3.957402,
          14.957949,
          5.59299,
          -1.726184,
          6.45591,
          86.806538
        ],
        "cov": [
          [
            22.953884,
            1.61172,
            0.885851,
            0.453924,
            0.054528,
            -1.816976
          ],
          [
            1.61172,
            15.808707,
            -0.321548,
            -0.274701,
            0.009238,
            0.864807
          ],
          [
            0.885851,
            -0.321548,
            0.178302,
            0.089619,
            -0.018626,
            -0.126836
          ],
          [
            0.453924,
            -0.274701,
            0.089619,
            0.453046,
            -0.005601,
            0.204066
          ],
          [
            0.054528,
            0.009238,
            -0.018626,
            -0.005601,
            0.136941,
            -0.083105
          ],
          [
            -1.816976,
            0.864807,
            -0.126836,
            0.204066,
            -0.083105,
            10.722841
          ]
        ],
        "n": 3472
      }
    },
    "CU_L": {
      "mlb": {
        "mu": [
          -11.704091,
          7.454152,
          46.714922,
          6.277954,
          79.45367
        ],
        "cov": [
          [
            17.980851,
            -6.76432,
            -13.377782,
            0.342034,
            6.654786
          ],
          [
            -6.76432,
            18.147932,
            -3.896628,
            -0.27213,
            -9.166464
          ],
          [
            -13.377782,
            -3.896628,
            79.666958,
            0.941039,
            -5.332934
          ],
          [
            0.342034,
            -0.27213,
            0.941039,
            0.187439,
            0.167998
          ],
          [
            6.654786,
            -9.166464,
            -5.332934,
            0.167998,
            16.694875
          ]
        ],
        "n": 831
      },
      "roc": {
        "mu": [
          -11.489414,
          7.637102,
          6.024563,
          1.614974,
          6.284121,
          79.57112
        ],
        "cov": [
          [
            17.833375,
            -7.330218,
            -0.487746,
            1.370712,
            0.355351,
            6.356057
          ],
          [
            -7.330218,
            20.302871,
            0.224159,
            -0.228406,
            -0.305432,
            -8.23474
          ],
          [
            -0.487746,
            0.224159,
            0.109707,
            -0.094611,
            -0.042142,
            -0.350484
          ],
          [
            1.370712,
            -0.228406,
            -0.094611,
            0.453978,
            0.027399,
            0.084981
          ],
          [
            0.355351,
            -0.305432,
            -0.042142,
            0.027399,
            0.176254,
            0.163244
          ],
          [
            6.356057,
            -8.23474,
            -0.350484,
            0.084981,
            0.163244,
            15.271891
          ]
        ],
        "n": 973
      }
    },
    "CU_R": {
      "mlb": {
        "mu": [
          -11.840784,
          -8.76671,
          43.706231,
          6.418497,
          80.77512
        ],
        "cov": [
          [
            13.029426,
            0.526245,
            -12.245278,
            0.03395,
            2.592738
          ],
          [
            0.526245,
            20.934576,
            20.971201,
            0.049827,
            7.397232
          ],
          [
            -12.245278,
            20.971201,
            94.905022,
            0.004808,
            2.759418
          ],
          [
            0.03395,
            0.049827,
            0.004808,
            0.155174,
            0.089323
          ],
          [
            2.592738,
            7.397232,
            2.759418,
            0.089323,
            15.088461
          ]
        ],
        "n": 2295
      },
      "roc": {
        "mu": [
          -11.923445,
          -8.735129,
          5.931256,
          -1.641639,
          6.422068,
          80.70975
        ],
        "cov": [
          [
            13.047579,
            0.603601,
            -0.425049,
            -0.437827,
            0.05479,
            2.569272
          ],
          [
            0.603601,
            20.914538,
            0.587022,
            0.525251,
            0.083775,
            7.421257
          ],
          [
            -0.425049,
            0.587022,
            0.16406,
            0.085784,
            -0.042155,
            -0.142933
          ],
          [
            -0.437827,
            0.525251,
            0.085784,
            0.438148,
            -0.025654,
            -0.021633
          ],
          [
            0.05479,
            0.083775,
            -0.042155,
            -0.025654,
            0.154205,
            0.149701
          ],
          [
            2.569272,
            7.421257,
            -0.142933,
            -0.021633,
            0.149701,
            14.988372
          ]
        ],
        "n": 2636
      }
    },
    "FC_L": {
      "mlb": {
        "mu": [
          8.246421,
          1.72047,
          38.333781,
          6.375783,
          88.786242
        ],
        "cov": [
          [
            8.014584,
            -2.902004,
            0.170166,
            -0.025599,
            1.301882
          ],
          [
            -2.902004,
            8.549693,
            5.674425,
            0.010551,
            -0.596459
          ],
          [
            0.170166,
            5.674425,
            89.468555,
            -0.142863,
            8.545706
          ],
          [
            -0.025599,
            0.010551,
            -0.142863,
            0.14585,
            0.197796
          ],
          [
            1.301882,
            -0.596459,
            8.545706,
            0.197796,
            5.727056
          ]
        ],
        "n": 894
      },
      "roc": {
        "mu": [
          8.334327,
          1.806923,
          5.731625,
          1.950923,
          6.404192,
          88.919712
        ],
        "cov": [
          [
            8.515288,
            -2.845541,
            -0.048826,
            -0.009677,
            -0.022029,
            1.626127
          ],
          [
            -2.845541,
            8.069115,
            0.239533,
            0.091757,
            0.023759,
            -0.561022
          ],
          [
            -0.048826,
            0.239533,
            0.125732,
            -0.106311,
            -0.011478,
            0.314192
          ],
          [
            -0.009677,
            0.091757,
            -0.106311,
            0.51986,
            0.087848,
            -0.321471
          ],
          [
            -0.022029,
            0.023759,
            -0.011478,
            0.087848,
            0.140028,
            0.212364
          ],
          [
            1.626127,
            -0.561022,
            0.314192,
            -0.321471,
            0.212364,
            5.569688
          ]
        ],
        "n": 1040
      }
    },
    "FC_R": {
      "mlb": {
        "mu": [
          8.67306,
          -1.982587,
          37.509938,
          6.40062,
          90.111992
        ],
        "cov": [
          [
            9.744763,
            1.426065,
            6.708904,
            0.073761,
            2.46997
          ],
          [
            1.426065,
            8.75802,
            -9.772314,
            -0.14845,
            2.089668
          ],
          [
            6.708904,
            -9.772314,
            121.406754,
            -0.147201,
            3.531323
          ],
          [
            0.073761,
            -0.14845,
            -0.147201,
            0.202766,
            0.068508
          ],
          [
            2.46997,
            2.089668,
            3.531323,
            0.068508,
            8.915896
          ]
        ],
        "n": 2435
      },
      "roc": {
        "mu": [
          8.662537,
          -2.086751,
          5.647771,
          -1.6847,
          6.373786,
          89.943226
        ],
        "cov": [
          [
            10.012609,
            1.116206,
            0.214607,
            0.472373,
            0.094256,
            2.67391
          ],
          [
            1.116206,
            8.768572,
            -0.343094,
            -0.255269,
            -0.142507,
            1.902071
          ],
          [
            0.214607,
            -0.343094,
            0.177419,
            0.105138,
            -0.035303,
            0.050605
          ],
          [
            0.472373,
            -0.255269,
            0.105138,
            0.488843,
            -0.053314,
            0.255918
          ],
          [
            0.094256,
            -0.142507,
            -0.035303,
            -0.053314,
            0.207839,
            0.170756
          ],
          [
            2.67391,
            1.902071,
            0.050605,
            0.255918,
            0.170756,
            8.904204
          ]
        ],
        "n": 3019
      }
    },
    "FF_L": {
      "mlb": {
        "mu": [
          16.312359,
          -8.149085,
          40.720679,
          6.45196,
          93.401427
        ],
        "cov": [
          [
            8.179004,
            4.06125,
            22.003243,
            0.027553,
            0.220147
          ],
          [
            4.06125,
            16.019015,
            26.745788,
            0.281655,
            -0.654931
          ],
          [
            22.003243,
            26.745788,
            139.146882,
            0.611036,
            2.555028
          ],
          [
            0.027553,
            0.281655,
            0.611036,
            0.180898,
            -0.125364
          ],
          [
            0.220147,
            -0.654931,
            2.555028,
            -0.125364,
            5.602258
          ]
        ],
        "n": 3714
      },
      "roc": {
        "mu": [
          16.43133,
          -7.87356,
          5.723967,
          1.746798,
          6.460256,
          93.354548
        ],
        "cov": [
          [
            8.289946,
            3.506758,
            0.482088,
            -0.874109,
            0.049626,
            0.460661
          ],
          [
            3.506758,
            15.892204,
            0.634581,
            -0.97218,
            0.246686,
            -0.467735
          ],
          [
            0.482088,
            0.634581,
            0.150157,
            -0.14461,
            -0.013832,
            0.057392
          ],
          [
            -0.874109,
            -0.97218,
            -0.14461,
            0.516803,
            0.005312,
            -0.246983
          ],
          [
            0.049626,
            0.246686,
            -0.013832,
            0.005312,
            0.166913,
            -0.091669
          ],
          [
            0.460661,
            -0.467735,
            0.057392,
            -0.246983,
            -0.091669,
            5.399202
          ]
        ],
        "n": 4376
      }
    },
    "FF_R": {
      "mlb": {
        "mu": [
          16.19128,
          7.739103,
          39.367975,
          6.52217,
          95.050265
        ],
        "cov": [
          [
            7.558277,
            -2.638328,
            17.472957,
            0.191387,
            0.462615
          ],
          [
            -2.638328,
            15.622063,
            -26.623787,
            -0.30227,
            -0.55429
          ],
          [
            17.472957,
            -26.623787,
            136.786624,
            0.639918,
            4.270796
          ],
          [
            0.191387,
            -0.30227,
            0.639918,
            0.186841,
            0.055069
          ],
          [
            0.462615,
            -0.55429,
            4.270796,
            0.055069,
            5.578411
          ]
        ],
        "n": 9989
      },
      "roc": {
        "mu": [
          16.27755,
          7.897972,
          5.653463,
          -1.62733,
          6.513037,
          95.024461
        ],
        "cov": [
          [
            7.819167,
            -2.886618,
            0.473287,
            0.60526,
            0.18749,
            0.237866
          ],
          [
            -2.886618,
            16.428554,
            -0.736527,
            -0.861143,
            -0.273177,
            -0.318887
          ],
          [
            0.473287,
            -0.736527,
            0.183798,
            0.12362,
            -0.014818,
            0.135022
          ],
          [
            0.60526,
            -0.861143,
            0.12362,
            0.450203,
            -0.005486,
            0.178646
          ],
          [
            0.18749,
            -0.273177,
            -0.014818,
            -0.005486,
            0.181862,
            0.069439
          ],
          [
            0.237866,
            -0.318887,
            0.135022,
            0.178646,
            0.069439,
            5.540927
          ]
        ],
        "n": 11733
      }
    },
    "FS_L": {
      "mlb": {
        "mu": [
          2.843168,
          -10.917391,
          37.041925,
          6.438478,
          85.282919
        ],
        "cov": [
          [
            25.359096,
            1.863214,
            24.70859,
            0.585175,
            2.517656
          ],
          [
            1.863214,
            19.54574,
            13.92989,
            0.189892,
            -4.515563
          ],
          [
            24.70859,
            13.92989,
            97.179078,
            0.860052,
            2.960718
          ],
          [
            0.585175,
            0.189892,
            0.860052,
            0.233528,
            0.033781
          ],
          [
            2.517656,
            -4.515563,
            2.960718,
            0.033781,
            6.284536
          ]
        ],
        "n": 322
      },
      "roc": {
        "mu": [
          3.204348,
          -10.928533,
          5.623832,
          1.770217,
          6.490625,
          85.426902
        ],
        "cov": [
          [
            26.310008,
            2.631705,
            0.19215,
            -0.853756,
            0.65494,
            2.765414
          ],
          [
            2.631705,
            18.397794,
            0.137082,
            0.508456,
            0.162762,
            -4.092364
          ],
          [
            0.19215,
            0.137082,
            0.095837,
            -0.132683,
            0.028238,
            0.19903
          ],
          [
            -0.853756,
            0.508456,
            -0.132683,
            0.441332,
            -0.076194,
            -0.686946
          ],
          [
            0.65494,
            0.162762,
            0.028238,
            -0.076194,
            0.224742,
            0.087054
          ],
          [
            2.765414,
            -4.092364,
            0.19903,
            -0.686946,
            0.087054,
            5.939901
          ]
        ],
        "n": 368
      }
    },
    "FS_R": {
      "mlb": {
        "mu": [
          2.362306,
          11.680905,
          39.558153,
          6.628258,
          87.014693
        ],
        "cov": [
          [
            22.611382,
            3.832872,
            23.00813,
            -0.394299,
            1.646745
          ],
          [
            3.832872,
            21.158891,
            -11.496873,
            -0.203806,
            5.582247
          ],
          [
            23.00813,
            -11.496873,
            92.442286,
            -0.064375,
            -7.396283
          ],
          [
            -0.394299,
            -0.203806,
            -0.064375,
            0.130907,
            -0.281863
          ],
          [
            1.646745,
            5.582247,
            -7.396283,
            -0.281863,
            11.204765
          ]
        ],
        "n": 1613
      },
      "roc": {
        "mu": [
          2.437942,
          11.744906,
          5.70749,
          -1.656564,
          6.611091,
          86.994439
        ],
        "cov": [
          [
            21.412829,
            3.364286,
            0.475643,
            0.458642,
            -0.389735,
            1.58629
          ],
          [
            3.364286,
            20.473385,
            -0.365301,
            -0.423577,
            -0.18494,
            5.276454
          ],
          [
            0.475643,
            -0.365301,
            0.143459,
            0.060731,
            -0.035674,
            -0.196275
          ],
          [
            0.458642,
            -0.423577,
            0.060731,
            0.270857,
            -0.024058,
            -0.247486
          ],
          [
            -0.389735,
            -0.18494,
            -0.035674,
            -0.024058,
            0.132786,
            -0.258898
          ],
          [
            1.58629,
            5.276454,
            -0.196275,
            -0.247486,
            -0.258898,
            11.127047
          ]
        ],
        "n": 1924
      }
    },
    "SI_L": {
      "mlb": {
        "mu": [
          7.215708,
          -15.781375,
          33.462083,
          6.361267,
          93.028333
        ],
        "cov": [
          [
            21.384609,
            2.940312,
            40.73561,
            0.295529,
            3.944657
          ],
          [
            2.940312,
            8.983876,
            13.533799,
            0.175309,
            -0.387356
          ],
          [
            40.73561,
            13.533799,
            184.923706,
            -0.628,
            17.026727
          ],
          [
            0.295529,
            0.175309,
            -0.628,
            0.306709,
            -0.325861
          ],
          [
            3.944657,
            -0.387356,
            17.026727,
            -0.325861,
            7.945633
          ]
        ],
        "n": 2400
      },
      "roc": {
        "mu": [
          7.224415,
          -15.830113,
          5.586879,
          1.922675,
          6.375245,
          93.048604
        ],
        "cov": [
          [
            20.941952,
            2.968576,
            1.155808,
            -1.436246,
            0.273706,
            3.983218
          ],
          [
            2.968576,
            8.938293,
            0.40239,
            -0.656795,
            0.112159,
            -0.391545
          ],
          [
            1.155808,
            0.40239,
            0.280104,
            -0.25755,
            -0.021602,
            0.691703
          ],
          [
            -1.436246,
            -0.656795,
            -0.25755,
            0.699642,
            0.101866,
            -0.930956
          ],
          [
            0.273706,
            0.112159,
            -0.021602,
            0.101866,
            0.305275,
            -0.2649
          ],
          [
            3.983218,
            -0.391545,
            0.691703,
            -0.930956,
            -0.2649,
            7.907271
          ]
        ],
        "n": 2650
      }
    },
    "SI_R": {
      "mlb": {
        "mu": [
          7.632808,
          15.564779,
          32.975092,
          6.43418,
          94.345495
        ],
        "cov": [
          [
            24.206969,
            -0.97836,
            53.978735,
            0.335263,
            3.571427
          ],
          [
            -0.97836,
            9.262122,
            -0.606728,
            -0.122734,
            1.718755
          ],
          [
            53.978735,
            -0.606728,
            225.159843,
            0.662335,
            15.630956
          ],
          [
            0.335263,
            -0.122734,
            0.662335,
            0.165134,
            0.04255
          ],
          [
            3.571427,
            1.718755,
            15.630956,
            0.04255,
            6.728054
          ]
        ],
        "n": 5139
      },
