{
  "teams": [
    "ARI",
    "ATH",
    "ATL",
    "BAL",
    "BOS",
    "CHC",
    "CIN",
    "CLE",
    "COL",
    "CWS",
    "DET",
    "HOU",
    "KCR",
    "LAA",
    "LAD",
    "MIA",
    "MIL",
    "MIN",
    "NYM",
    "NYY",
    "PHI",
    "PIT",
    "ROC",
    "SDP",
    "SEA",
    "SFG",
    "STL",
    "TBR",
    "TEX",
    "TOR",
    "WSH"
  ],
  "pitchTypes": [
    "CH",
    "CU",
    "EP",
    "FC",
    "FF",
    "FS",
    "SI",
    "SL",
    "ST",
    "SV"
  ],
  "generatedAt": "2026-04-09 03:12",
  "totalPitches": 54408,
  "totalPitchers": 430,
  "totalHitters": 409,
  "rocTeams": [
    "ROC"
  ],
  "leagueAverages": {
    "FF": {
      "velocity": 94.56,
      "spinRate": 2313.76,
      "indVertBrk": 16.31,
      "horzBrk": 3.51,
      "relPosZ": 5.67,
      "relPosX": -0.73,
      "extension": 6.51,
      "armAngle": 39.68,
      "vaa": -4.62,
      "haa": 0.52,
      "strikePct": 0.6524,
      "izPct": 0.524,
      "swStrRate": 0.1078,
      "swStrPct": 0.2239,
      "cswPct": 0.2831,
      "izWhiffPct": 0.1758,
      "chasePct": 0.2757,
      "gbPct": 0.3167,
      "fpsPct": 0.601,
      "breakTiltMinutes": 23,
      "breakTilt": "12:23",
      "xBA": 0.2256,
      "xSLG": 0.4086,
      "xwOBA": 0.3543,
      "count": 397
    },
    "SI": {
      "velocity": 93.91,
      "spinRate": 2187.36,
      "indVertBrk": 7.59,
      "horzBrk": 5.7,
      "relPosZ": 5.53,
      "relPosX": -0.55,
      "extension": 6.43,
      "armAngle": 32.92,
      "vaa": -5.81,
      "haa": 0.04,
      "strikePct": 0.6599,
      "izPct": 0.5499,
      "swStrRate": 0.0644,
      "swStrPct": 0.142,
      "cswPct": 0.2761,
      "izWhiffPct": 0.0976,
      "chasePct": 0.2462,
      "gbPct": 0.5462,
      "fpsPct": 0.6063,
      "breakTiltMinutes": 72,
      "breakTilt": "1:12",
      "xBA": 0.2548,
      "xSLG": 0.3737,
      "xwOBA": 0.3524,
      "count": 318
    },
    "SL": {
      "velocity": 86.24,
      "spinRate": 2429.43,
      "indVertBrk": 0.97,
      "horzBrk": -1.49,
      "relPosZ": 5.79,
      "relPosX": -0.67,
      "extension": 6.36,
      "armAngle": 40.89,
      "vaa": -7.79,
      "haa": 1.1,
      "strikePct": 0.6291,
      "izPct": 0.4632,
      "swStrRate": 0.1671,
      "swStrPct": 0.3503,
      "cswPct": 0.3245,
      "izWhiffPct": 0.214,
      "chasePct": 0.3177,
      "gbPct": 0.4265,
      "fpsPct": 0.6131,
      "breakTiltMinutes": 615,
      "breakTilt": "10:15",
      "xBA": 0.1995,
      "xSLG": 0.3313,
      "xwOBA": 0.2812,
      "count": 266
    },
    "FS": {
      "velocity": 86.78,
      "spinRate": 1412.9,
      "indVertBrk": 2.57,
      "horzBrk": 8.02,
      "relPosZ": 5.67,
      "relPosX": -1.1,
      "extension": 6.61,
      "armAngle": 39.36,
      "vaa": -7.76,
      "haa": 0.37,
      "strikePct": 0.5847,
      "izPct": 0.374,
      "swStrRate": 0.1814,
      "swStrPct": 0.3643,
      "cswPct": 0.2592,
      "izWhiffPct": 0.2487,
      "chasePct": 0.3473,
      "gbPct": 0.5559,
      "fpsPct": 0.5608,
      "breakTiltMinutes": 133,
      "breakTilt": "2:13",
      "xBA": 0.1868,
      "xSLG": 0.2729,
      "xwOBA": 0.236,
      "count": 94
    },
    "ST": {
      "velocity": 82.34,
      "spinRate": 2567.95,
      "indVertBrk": 1.3,
      "horzBrk": -5.15,
      "relPosZ": 5.44,
      "relPosX": -0.59,
      "extension": 6.33,
      "armAngle": 30.01,
      "vaa": -7.65,
      "haa": 1.38,
      "strikePct": 0.591,
      "izPct": 0.4424,
      "swStrRate": 0.142,
      "swStrPct": 0.3191,
      "cswPct": 0.2986,
      "izWhiffPct": 0.2038,
      "chasePct": 0.2717,
      "gbPct": 0.3262,
      "fpsPct": 0.5664,
      "breakTiltMinutes": 569,
      "breakTilt": "9:29",
      "xBA": 0.1603,
      "xSLG": 0.2677,
      "xwOBA": 0.262,
      "count": 204
    },
    "FC": {
      "velocity": 89.77,
      "spinRate": 2378.51,
      "indVertBrk": 8.63,
      "horzBrk": -1.08,
      "relPosZ": 5.67,
      "relPosX": -0.72,
      "extension": 6.41,
      "armAngle": 37.52,
      "vaa": -6.01,
      "haa": 1.11,
      "strikePct": 0.6469,
      "izPct": 0.5284,
      "swStrRate": 0.1132,
      "swStrPct": 0.2394,
      "cswPct": 0.2878,
      "izWhiffPct": 0.1689,
      "chasePct": 0.2484,
      "gbPct": 0.375,
      "fpsPct": 0.6091,
      "breakTiltMinutes": 704,
      "breakTilt": "11:44",
      "xBA": 0.2411,
      "xSLG": 0.4189,
      "xwOBA": 0.3582,
      "count": 181
    },
    "CH": {
      "velocity": 85.96,
      "spinRate": 1759.87,
      "indVertBrk": 4.15,
      "horzBrk": 4.27,
      "relPosZ": 5.61,
      "relPosX": -0.44,
      "extension": 6.44,
      "armAngle": 36.3,
      "vaa": -7.51,
      "haa": 0.04,
      "strikePct": 0.578,
      "izPct": 0.3973,
      "swStrRate": 0.1643,
      "swStrPct": 0.3417,
      "cswPct": 0.2593,
      "izWhiffPct": 0.2471,
      "chasePct": 0.3156,
      "gbPct": 0.5285,
      "fpsPct": 0.5447,
      "breakTiltMinutes": 103,
      "breakTilt": "1:43",
      "xBA": 0.2083,
      "xSLG": 0.3007,
      "xwOBA": 0.267,
      "count": 253
    },
    "SV": {
      "velocity": 82.09,
      "spinRate": 2583.15,
      "indVertBrk": -6.57,
      "horzBrk": -10.59,
      "relPosZ": 5.76,
      "relPosX": -1.6,
      "extension": 6.4,
      "armAngle": 37.37,
      "vaa": -8.98,
      "haa": 3.11,
      "strikePct": 0.6003,
      "izPct": 0.4297,
      "swStrRate": 0.1536,
      "swStrPct": 0.3468,
      "cswPct": 0.3164,
      "izWhiffPct": 0.1398,
      "chasePct": 0.3166,
      "gbPct": 0.4148,
      "fpsPct": 0.5679,
      "breakTiltMinutes": 473,
      "breakTilt": "7:53",
      "xBA": 0.1846,
      "xSLG": 0.3093,
      "xwOBA": 0.3007,
      "count": 30
    },
    "CU": {
      "velocity": 80.37,
      "spinRate": 2551.23,
      "indVertBrk": -11.9,
      "horzBrk": -4.19,
      "relPosZ": 5.95,
      "relPosX": -0.73,
      "extension": 6.4,
      "armAngle": 44.58,
      "vaa": -9.89,
      "haa": 1.3,
      "strikePct": 0.5711,
      "izPct": 0.4211,
      "swStrRate": 0.1252,
      "swStrPct": 0.3151,
      "cswPct": 0.2988,
      "izWhiffPct": 0.1633,
      "chasePct": 0.269,
      "gbPct": 0.5116,
      "fpsPct": 0.5289,
      "breakTiltMinutes": 391,
      "breakTilt": "6:31",
      "xBA": 0.1988,
      "xSLG": 0.3189,
      "xwOBA": 0.2786,
      "count": 188
    }
  },
  "pitcherLeagueAverages": {
    "strikePct": 0.6276,
    "izPct": 0.4853,
    "swStrRate": 0.1226,
    "swStrPct": 0.2648,
    "cswPct": 0.2872,
    "izWhiffPct": 0.1772,
    "chasePct": 0.2845,
    "gbPct": 0.4299,
    "kPct": 0.234,
    "bbPct": 0.0971,
    "kbbPct": 0.1369,
    "babip": 0.2879,
    "fpsPct": 0.5913,
    "twoStrikeWhiffPct": 0.2598,
    "relPosZ": 5.6537,
    "relPosX": -0.6745,
    "extension": 6.4386,
    "armAngle": 37.6557,
    "vaa": -6.4728,
    "haa": 0.6745,
    "avgEVAgainst": 88.8314,
    "maxEVAgainst": 108.4695,
    "hardHitPct": 0.3988,
    "barrelPctAgainst": 0.0816,
    "ldPct": 0.2255,
    "fbPct": 0.2654,
    "puPct": 0.0766,
    "hrFbPct": 0.106,
    "wOBA": 0.3122,
    "xBA": 0.2168,
    "xSLG": 0.3556,
    "xwOBA": 0.3168,
    "xwOBAcon": 0.3688,
    "count": 430,
    "era": 3.96,
    "hr9": 0.93,
    "fip": 3.9,
    "xFIP": 3.92,
    "siera": 3.95
  },
  "hitterLeagueAverages": {
    "wOBA": 0.3128,
    "xBA": 0.2171,
    "xSLG": 0.3569,
    "xwOBA": 0.3167,
    "xwOBAcon": 0.3672,
    "xwOBAsp": 0.364,
    "avgEVAll": 88.8524,
    "ev50": 99.6653,
    "maxEV": 107.0426,
    "hardHitPct": 0.3992,
    "barrelPct": 0.082,
    "sacqPct": 0.3054,
    "gbPct": 0.4318,
    "ldPct": 0.226,
    "fbPct": 0.2656,
    "puPct": 0.0765,
    "hrFbPct": 0.1105,
    "pullPct": 0.2475,
    "middlePct": 0.0,
    "oppoPct": 0.1334,
    "airPullPct": 0.0994,
    "swingPct": 0.4642,
    "izSwingPct": 0.6501,
    "chasePct": 0.2876,
    "izSwChase": 0.3625,
    "contactPct": 0.7378,
    "izContactPct": 0.8258,
    "whiffPct": 0.2622,
    "batSpeed": 70.9797,
    "swingLength": 7.292,
    "attackAngle": 9.9018,
    "attackDirection": -1.5896,
    "swingPathTilt": 32.1212,
    "twoStrikeWhiffPct": 0.2622,
    "firstPitchSwingPct": 0.3019,
    "avgFbDist": 309.2761,
    "avgHrDist": 392.9572,
    "sprintSpeed": 26.7312,
    "runValue": -0.042,
    "count": 409
  },
  "vaaRegressions": {
    "CH": {
      "slope": 1.082016,
      "intercept": -9.473799,
      "leagueAvgPlateZ": 1.814233
    },
    "CU": {
      "slope": 0.976368,
      "intercept": -11.665325,
      "leagueAvgPlateZ": 1.816599
    },
    "EP": {
      "slope": 0.938882,
      "intercept": -17.359429,
      "leagueAvgPlateZ": 2.878557
    },
    "FC": {
      "slope": 1.10198,
      "intercept": -8.79119,
      "leagueAvgPlateZ": 2.523278
    },
    "FF": {
      "slope": 1.063968,
      "intercept": -7.677556,
      "leagueAvgPlateZ": 2.87089
    },
    "FS": {
      "slope": 1.074713,
      "intercept": -9.594265,
      "leagueAvgPlateZ": 1.709776
    },
    "SI": {
      "slope": 1.084793,
      "intercept": -8.452497,
      "leagueAvgPlateZ": 2.434406
    },
    "SL": {
      "slope": 1.085888,
      "intercept": -9.894708,
      "leagueAvgPlateZ": 1.941939
    },
    "ST": {
      "slope": 1.127229,
      "intercept": -9.936943,
      "leagueAvgPlateZ": 2.026572
    },
    "SV": {
      "slope": 1.093601,
      "intercept": -10.993667,
      "leagueAvgPlateZ": 1.841771
    }
  },
  "haaRegressions": {
    "CH": {
      "slope": 0.75542,
      "intercept": 0.086345,
      "leagueAvgPlateX": -0.065459
    },
    "CU": {
      "slope": 1.269776,
      "intercept": 1.247937,
      "leagueAvgPlateX": 0.044755
    },
    "EP": {
      "slope": 0.995547,
      "intercept": 1.10409,
      "leagueAvgPlateX": 0.015567
    },
    "FC": {
      "slope": 1.725008,
      "intercept": 0.875273,
      "leagueAvgPlateX": 0.136181
    },
    "FF": {
      "slope": 1.037681,
      "intercept": 0.529364,
      "leagueAvgPlateX": -0.004601
    },
    "FS": {
      "slope": 0.850886,
      "intercept": 0.505709,
      "leagueAvgPlateX": -0.160732
    },
    "SI": {
      "slope": 0.818523,
      "intercept": 0.100767,
      "leagueAvgPlateX": -0.072365
    },
    "SL": {
      "slope": 1.816379,
      "intercept": 0.822728,
      "leagueAvgPlateX": 0.154242
    },
    "ST": {
      "slope": 2.349489,
      "intercept": 0.957465,
      "leagueAvgPlateX": 0.181341
    },
    "SV": {
      "slope": 1.584073,
      "intercept": 2.79989,
      "leagueAvgPlateX": 0.194674
    }
  },
  "sacqZones": [
    {
      "spray": "center_oppo",
      "laMin": null,
      "laMax": 0,
      "laBin": 0,
      "woba": 0.126,
      "xwobacon": 0.18,
      "quality": false,
      "count": 248
    },
    {
      "spray": "center_oppo",
      "laMin": 0,
      "laMax": 5,
      "laBin": 1,
      "woba": 0.275,
      "xwobacon": 0.387,
      "quality": false,
      "count": 65
    },
    {
      "spray": "center_oppo",
      "laMin": 5,
      "laMax": 10,
      "laBin": 2,
      "woba": 0.264,
      "xwobacon": 0.488,
      "quality": false,
      "count": 85
    },
    {
      "spray": "center_oppo",
      "laMin": 10,
      "laMax": 15,
      "laBin": 3,
      "woba": 0.537,
      "xwobacon": 0.711,
      "quality": true,
      "count": 91
    },
    {
      "spray": "center_oppo",
      "laMin": 15,
      "laMax": 20,
      "laBin": 4,
      "woba": 0.428,
      "xwobacon": 0.638,
      "quality": false,
      "count": 100
    },
    {
      "spray": "center_oppo",
      "laMin": 20,
      "laMax": 25,
      "laBin": 5,
      "woba": 0.4,
      "xwobacon": 0.627,
      "quality": false,
      "count": 93
    },
    {
      "spray": "center_oppo",
      "laMin": 25,
      "laMax": 30,
      "laBin": 6,
      "woba": 0.245,
      "xwobacon": 0.678,
      "quality": false,
      "count": 109
    },
    {
      "spray": "center_oppo",
      "laMin": 30,
      "laMax": 35,
      "laBin": 7,
      "woba": 0.149,
      "xwobacon": 0.479,
      "quality": false,
      "count": 105
    },
    {
      "spray": "center_oppo",
      "laMin": 35,
      "laMax": 40,
      "laBin": 8,
      "woba": 0.096,
      "xwobacon": 0.383,
      "quality": false,
      "count": 79
    },
    {
      "spray": "center_oppo",
      "laMin": 40,
      "laMax": 50,
      "laBin": 9,
      "woba": 0.051,
      "xwobacon": 0.083,
      "quality": false,
      "count": 97
    },
    {
      "spray": "center_oppo",
      "laMin": 50,
      "laMax": null,
      "laBin": 10,
      "woba": 0.023,
      "xwobacon": 0.019,
      "quality": false,
      "count": 105
    },
    {
      "spray": "center_pull",
      "laMin": null,
      "laMax": 0,
      "laBin": 0,
      "woba": 0.318,
      "xwobacon": 0.19,
      "quality": false,
      "count": 341
    },
    {
      "spray": "center_pull",
      "laMin": 0,
      "laMax": 5,
      "laBin": 1,
      "woba": 0.589,
      "xwobacon": 0.407,
      "quality": true,
      "count": 91
    },
    {
      "spray": "center_pull",
      "laMin": 5,
      "laMax": 10,
      "laBin": 2,
      "woba": 0.72,
      "xwobacon": 0.526,
      "quality": true,
      "count": 110
    },
    {
      "spray": "center_pull",
      "laMin": 10,
      "laMax": 15,
      "laBin": 3,
      "woba": 0.87,
      "xwobacon": 0.734,
      "quality": true,
      "count": 100
    },
    {
      "spray": "center_pull",
      "laMin": 15,
      "laMax": 20,
      "laBin": 4,
      "woba": 0.701,
      "xwobacon": 0.683,
      "quality": true,
      "count": 138
    },
    {
      "spray": "center_pull",
      "laMin": 20,
      "laMax": 25,
      "laBin": 5,
      "woba": 0.473,
      "xwobacon": 0.692,
      "quality": false,
      "count": 115
    },
    {
      "spray": "center_pull",
      "laMin": 25,
      "laMax": 30,
      "laBin": 6,
      "woba": 0.56,
      "xwobacon": 0.851,
      "quality": true,
      "count": 99
    },
    {
      "spray": "center_pull",
      "laMin": 30,
      "laMax": 35,
      "laBin": 7,
      "woba": 0.485,
      "xwobacon": 0.697,
      "quality": false,
      "count": 86
    },
    {
      "spray": "center_pull",
      "laMin": 35,
      "laMax": 40,
      "laBin": 8,
      "woba": 0.18,
      "xwobacon": 0.332,
      "quality": false,
      "count": 62
    },
    {
      "spray": "center_pull",
      "laMin": 40,
      "laMax": 50,
      "laBin": 9,
      "woba": 0.076,
      "xwobacon": 0.103,
      "quality": false,
      "count": 112
    },
    {
      "spray": "center_pull",
      "laMin": 50,
      "laMax": null,
      "laBin": 10,
      "woba": 0.0,
      "xwobacon": 0.022,
      "quality": false,
      "count": 90
    },
    {
      "spray": "oppo",
      "laMin": null,
      "laMax": 0,
      "laBin": 0,
      "woba": 0.306,
      "xwobacon": 0.166,
      "quality": false,
      "count": 160
    },
    {
      "spray": "oppo",
      "laMin": 0,
      "laMax": 5,
      "laBin": 1,
      "woba": 0.593,
      "xwobacon": 0.316,
      "quality": true,
      "count": 49
    },
    {
      "spray": "oppo",
      "laMin": 5,
      "laMax": 10,
      "laBin": 2,
      "woba": 0.78,
      "xwobacon": 0.479,
      "quality": true,
      "count": 44
    },
    {
      "spray": "oppo",
      "laMin": 10,
      "laMax": 15,
      "laBin": 3,
      "woba": 0.802,
      "xwobacon": 0.697,
      "quality": true,
      "count": 56
    },
    {
      "spray": "oppo",
      "laMin": 15,
      "laMax": 20,
      "laBin": 4,
      "woba": 0.603,
      "xwobacon": 0.613,
      "quality": true,
      "count": 52
    },
    {
      "spray": "oppo",
      "laMin": 20,
      "laMax": 25,
      "laBin": 5,
      "woba": 0.509,
      "xwobacon": 0.58,
      "quality": true,
      "count": 73
    },
    {
      "spray": "oppo",
      "laMin": 25,
      "laMax": 30,
      "laBin": 6,
      "woba": 0.625,
      "xwobacon": 0.513,
      "quality": true,
      "count": 75
    },
    {
      "spray": "oppo",
      "laMin": 30,
      "laMax": 35,
      "laBin": 7,
      "woba": 0.425,
      "xwobacon": 0.315,
      "quality": false,
      "count": 80
    },
    {
      "spray": "oppo",
      "laMin": 35,
      "laMax": 40,
      "laBin": 8,
      "woba": 0.266,
      "xwobacon": 0.149,
      "quality": false,
      "count": 68
    },
    {
      "spray": "oppo",
      "laMin": 40,
      "laMax": 50,
      "laBin": 9,
      "woba": 0.104,
      "xwobacon": 0.054,
      "quality": false,
      "count": 154
    },
    {
      "spray": "oppo",
      "laMin": 50,
      "laMax": null,
      "laBin": 10,
      "woba": 0.058,
      "xwobacon": 0.015,
      "quality": false,
      "count": 370
    },
    {
      "spray": "oppo_side",
      "laMin": null,
      "laMax": 0,
      "laBin": 0,
      "woba": 0.285,
      "xwobacon": 0.181,
      "quality": false,
      "count": 224
    },
    {
      "spray": "oppo_side",
      "laMin": 0,
      "laMax": 5,
      "laBin": 1,
      "woba": 0.31,
      "xwobacon": 0.389,
      "quality": false,
      "count": 66
    },
    {
      "spray": "oppo_side",
      "laMin": 5,
      "laMax": 10,
      "laBin": 2,
      "woba": 0.526,
      "xwobacon": 0.463,
      "quality": true,
      "count": 83
    },
    {
      "spray": "oppo_side",
      "laMin": 10,
      "laMax": 15,
      "laBin": 3,
      "woba": 0.775,
      "xwobacon": 0.706,
      "quality": true,
      "count": 89
    },
    {
      "spray": "oppo_side",
      "laMin": 15,
      "laMax": 20,
      "laBin": 4,
      "woba": 0.635,
      "xwobacon": 0.65,
      "quality": true,
      "count": 81
    },
    {
      "spray": "oppo_side",
      "laMin": 20,
      "laMax": 25,
      "laBin": 5,
      "woba": 0.558,
      "xwobacon": 0.587,
      "quality": true,
      "count": 108
    },
    {
      "spray": "oppo_side",
      "laMin": 25,
      "laMax": 30,
      "laBin": 6,
      "woba": 0.341,
      "xwobacon": 0.582,
      "quality": false,
      "count": 91
    },
    {
      "spray": "oppo_side",
      "laMin": 30,
      "laMax": 35,
      "laBin": 7,
      "woba": 0.272,
      "xwobacon": 0.449,
      "quality": false,
      "count": 100
    },
    {
      "spray": "oppo_side",
      "laMin": 35,
      "laMax": 40,
      "laBin": 8,
      "woba": 0.051,
      "xwobacon": 0.169,
      "quality": false,
      "count": 77
    },
    {
      "spray": "oppo_side",
      "laMin": 40,
      "laMax": 50,
      "laBin": 9,
      "woba": 0.029,
      "xwobacon": 0.078,
      "quality": false,
      "count": 108
    },
    {
      "spray": "oppo_side",
      "laMin": 50,
      "laMax": null,
      "laBin": 10,
      "woba": 0.007,
      "xwobacon": 0.021,
      "quality": false,
      "count": 142
    },
    {
      "spray": "pull",
      "laMin": null,
      "laMax": 0,
      "laBin": 0,
      "woba": 0.172,
      "xwobacon": 0.149,
      "quality": false,
      "count": 995
    },
    {
      "spray": "pull",
      "laMin": 0,
      "laMax": 5,
      "laBin": 1,
      "woba": 0.38,
      "xwobacon": 0.376,
      "quality": false,
      "count": 184
    },
    {
      "spray": "pull",
      "laMin": 5,
      "laMax": 10,
      "laBin": 2,
      "woba": 0.511,
      "xwobacon": 0.534,
      "quality": true,
      "count": 167
    },
    {
      "spray": "pull",
      "laMin": 10,
      "laMax": 15,
      "laBin": 3,
      "woba": 0.879,
      "xwobacon": 0.76,
      "quality": true,
      "count": 174
    },
    {
      "spray": "pull",
      "laMin": 15,
      "laMax": 20,
      "laBin": 4,
      "woba": 1.019,
      "xwobacon": 0.698,
      "quality": true,
      "count": 134
    },
    {
      "spray": "pull",
      "laMin": 20,
      "laMax": 25,
      "laBin": 5,
      "woba": 1.082,
      "xwobacon": 0.828,
      "quality": true,
      "count": 132
    },
    {
      "spray": "pull",
      "laMin": 25,
      "laMax": 30,
      "laBin": 6,
      "woba": 1.178,
      "xwobacon": 0.902,
      "quality": true,
      "count": 108
    },
    {
      "spray": "pull",
      "laMin": 30,
      "laMax": 35,
      "laBin": 7,
      "woba": 1.011,
      "xwobacon": 0.696,
      "quality": true,
      "count": 68
    },
    {
      "spray": "pull",
      "laMin": 35,
      "laMax": 40,
      "laBin": 8,
      "woba": 0.942,
      "xwobacon": 0.599,
      "quality": true,
      "count": 49
    },
    {
      "spray": "pull",
      "laMin": 40,
      "laMax": 50,
      "laBin": 9,
      "woba": 0.39,
      "xwobacon": 0.152,
      "quality": false,
      "count": 66
    },
    {
      "spray": "pull",
      "laMin": 50,
      "laMax": null,
      "laBin": 10,
      "woba": 0.041,
      "xwobacon": 0.016,
      "quality": false,
      "count": 100
    },
    {
      "spray": "pull_side",
      "laMin": null,
      "laMax": 0,
      "laBin": 0,
      "woba": 0.117,
      "xwobacon": 0.165,
      "quality": false,
      "count": 709
    },
    {
      "spray": "pull_side",
      "laMin": 0,
      "laMax": 5,
      "laBin": 1,
      "woba": 0.218,
      "xwobacon": 0.378,
      "quality": false,
      "count": 164
    },
    {
      "spray": "pull_side",
      "laMin": 5,
      "laMax": 10,
      "laBin": 2,
      "woba": 0.346,
      "xwobacon": 0.493,
      "quality": false,
      "count": 157
    },
    {
      "spray": "pull_side",
      "laMin": 10,
      "laMax": 15,
      "laBin": 3,
      "woba": 0.634,
      "xwobacon": 0.757,
      "quality": true,
      "count": 127
    },
    {
      "spray": "pull_side",
      "laMin": 15,
      "laMax": 20,
      "laBin": 4,
      "woba": 0.558,
      "xwobacon": 0.701,
      "quality": true,
      "count": 119
    },
    {
      "spray": "pull_side",
      "laMin": 20,
      "laMax": 25,
      "laBin": 5,
      "woba": 0.827,
      "xwobacon": 0.848,
      "quality": true,
      "count": 107
    },
    {
      "spray": "pull_side",
      "laMin": 25,
      "laMax": 30,
      "laBin": 6,
      "woba": 0.94,
      "xwobacon": 0.958,
      "quality": true,
      "count": 89
    },
    {
      "spray": "pull_side",
      "laMin": 30,
      "laMax": 35,
      "laBin": 7,
      "woba": 0.831,
      "xwobacon": 0.645,
      "quality": true,
      "count": 81
    },
    {
      "spray": "pull_side",
      "laMin": 35,
      "laMax": 40,
      "laBin": 8,
      "woba": 0.395,
      "xwobacon": 0.406,
      "quality": false,
      "count": 64
    },
    {
      "spray": "pull_side",
      "laMin": 40,
      "laMax": 50,
      "laBin": 9,
      "woba": 0.038,
      "xwobacon": 0.129,
      "quality": false,
      "count": 71
    },
    {
      "spray": "pull_side",
      "laMin": 50,
      "laMax": null,
      "laBin": 10,
      "woba": 0.012,
      "xwobacon": 0.02,
      "quality": false,
      "count": 82
    }
  ],
  "mvnModels": {
    "CH_L": {
      "mlb": {
        "mu": [
          4.310226,
          -14.504637,
          37.342212,
          6.380363,
          84.520392
        ],
        "cov": [
          [
            28.520252,
            0.835574,
            35.500205,
            0.315925,
            -2.143022
          ],
          [
            0.835574,
            9.81184,
            6.935371,
            0.106601,
            -2.425057
          ],
          [
            35.500205,
            6.935371,
            113.336171,
            0.061672,
            2.141417
          ],
          [
            0.315925,
            0.106601,
            0.061672,
            0.197101,
            -0.253214
          ],
          [
            -2.143022,
            -2.425057,
            2.141417,
            -0.253214,
            10.644861
          ]
        ],
        "n": 1682
      },
      "roc": {
        "mu": [
          4.569081,
          -14.4634,
          5.672401,
          1.827074,
          6.391667,
          84.620502
        ],
        "cov": [
          [
            29.118764,
            1.534998,
            0.900142,
            -1.295801,
            0.314506,
            -1.643047
          ],
          [
            1.534998,
            10.268034,
            0.107229,
            0.063475,
            0.118897,
            -2.446028
          ],
          [
            0.900142,
            0.107229,
            0.152037,
            -0.129682,
            -0.003314,
            0.183409
          ],
          [
            -1.295801,
            0.063475,
            -0.129682,
            0.596328,
            0.070674,
            -0.630594
          ],
          [
            0.314506,
            0.118897,
            -0.003314,
            0.070674,
            0.200203,
            -0.26551
          ],
          [
            -1.643047,
            -2.446028,
            0.183409,
            -0.630594,
            -0.26551,
            10.637093
          ]
        ],
        "n": 2112
      }
    },
    "CH_R": {
      "mlb": {
        "mu": [
          3.910101,
          14.896141,
          35.790168,
          6.465564,
          86.804262
        ],
        "cov": [
          [
            23.719975,
            1.961617,
            28.259948,
            0.068915,
            -2.094595
          ],
          [
            1.961617,
            12.854322,
            -7.961918,
            -0.022867,
            0.299996
          ],
          [
            28.259948,
            -7.961918,
            139.159041,
            0.072181,
            -3.518958
          ],
          [
            0.068915,
            -0.022867,
            0.072181,
            0.138553,
            -0.084442
          ],
          [
            -2.094595,
            0.299996,
            -3.518958,
            -0.084442,
            11.275091
          ]
        ],
        "n": 2980
      },
      "roc": {
        "mu": [
          3.9624,
          14.93536,
          5.593784,
          -1.729971,
          6.458595,
          86.735173
        ],
        "cov": [
          [
            22.748295,
            1.382664,
            0.880861,
            0.455779,
            0.069346,
            -1.8684
          ],
          [
            1.382664,
            15.541833,
            -0.333534,
            -0.301656,
            0.023018,
            0.770652
          ],
          [
            0.880861,
            -0.333534,
            0.17809,
            0.091581,
            -0.015784,
            -0.120942
          ],
          [
            0.455779,
            -0.301656,
            0.091581,
            0.450049,
            -0.000264,
            0.186846
          ],
          [
            0.069346,
            0.023018,
            -0.015784,
            -0.000264,
            0.143775,
            -0.093303
          ],
          [
            -1.8684,
            0.770652,
            -0.120942,
            0.186846,
            -0.093303,
            10.481331
          ]
        ],
        "n": 3750
      }
    },
    "CU_L": {
      "mlb": {
        "mu": [
          -11.556118,
          7.466824,
          46.789059,
          6.273271,
          79.406471
        ],
        "cov": [
          [
            18.766659,
            -6.44674,
            -12.632758,
            0.302898,
            6.165252
          ],
          [
            -6.44674,
            17.971218,
            -3.760151,
            -0.270564,
            -9.037948
          ],
          [
            -12.632758,
            -3.760151,
            78.217984,
            0.905708,
            -5.394052
          ],
          [
            0.302898,
            -0.270564,
            0.905708,
            0.184505,
            0.175819
          ],
          [
            6.165252,
            -9.037948,
            -5.394052,
            0.175819,
            16.46838
          ]
        ],
        "n": 850
      },
      "roc": {
        "mu": [
          -11.498304,
          7.782411,
          6.036759,
          1.596554,
          6.278,
          79.578125
        ],
        "cov": [
          [
            18.007173,
            -7.045672,
            -0.421448,
            1.397608,
            0.341208,
            5.743969
          ],
          [
            -7.045672,
            20.107295,
            0.293543,
            -0.300979,
            -0.394795,
            -7.970564
          ],
          [
            -0.421448,
            0.293543,
            0.112534,
            -0.079629,
            -0.042639,
            -0.359575
          ],
          [
            1.397608,
            -0.300979,
            -0.079629,
            0.431955,
            0.036424,
            0.062295
          ],
          [
            0.341208,
            -0.394795,
            -0.042639,
            0.036424,
            0.180819,
            0.179756
          ],
          [
            5.743969,
            -7.970564,
            -0.359575,
            0.062295,
            0.179756,
            14.564338
          ]
        ],
        "n": 1120
      }
    },
    "CU_R": {
      "mlb": {
        "mu": [
          -11.956576,
          -8.678778,
          43.789434,
          6.420107,
          80.764913
        ],
        "cov": [
          [
            12.574634,
            0.961554,
            -12.249733,
            0.040549,
            2.587581
          ],
          [
            0.961554,
            20.912359,
            21.092437,
            0.045107,
            7.593319
          ],
          [
            -12.249733,
            21.092437,
            95.156583,
            -0.020309,
            2.601641
          ],
          [
            0.040549,
            0.045107,
            -0.020309,
            0.157564,
            0.093125
          ],
          [
            2.587581,
            7.593319,
            2.601641,
            0.093125,
            15.331957
          ]
        ],
        "n": 2243
      },
      "roc": {
        "mu": [
          -12.041521,
          -8.742949,
          5.930568,
          -1.634388,
          6.430953,
          80.636201
        ],
        "cov": [
          [
            12.856922,
            1.276663,
            -0.454676,
            -0.45541,
            0.066002,
            2.628886
          ],
          [
            1.276663,
            21.123787,
            0.568843,
            0.432548,
            0.032317,
            7.774388
          ],
          [
            -0.454676,
            0.568843,
            0.168559,
            0.083935,
            -0.042841,
            -0.168395
          ],
          [
            -0.45541,
            0.432548,
            0.083935,
            0.43455,
            -0.029403,
            -0.040089
          ],
          [
            0.066002,
            0.032317,
            -0.042841,
            -0.029403,
            0.155233,
            0.120904
          ],
          [
            2.628886,
            7.774388,
            -0.168395,
            -0.040089,
            0.120904,
            14.979975
          ]
        ],
        "n": 2801
      }
    },
    "FC_L": {
      "mlb": {
        "mu": [
          8.320938,
          1.636613,
          38.317048,
          6.372929,
          88.823913
        ],
        "cov": [
          [
            7.831898,
            -2.630493,
            0.200273,
            -0.017695,
            1.154745
          ],
          [
            -2.630493,
            8.378108,
            5.789261,
            0.001505,
            -0.43594
          ],
          [
            0.200273,
            5.789261,
            91.383065,
            -0.151226,
            8.745881
          ],
          [
            -0.017695,
            0.001505,
            -0.151226,
            0.148222,
            0.206558
          ],
          [
            1.154745,
            -0.43594,
            8.745881,
            0.206558,
            5.752795
          ]
        ],
        "n": 874
      },
      "roc": {
        "mu": [
          8.511286,
          1.670953,
          5.723414,
          1.967271,
          6.409232,
          88.958557
        ],
        "cov": [
          [
            8.842317,
            -2.742737,
            -0.071552,
            -0.003891,
            -0.024562,
            1.474616
          ],
          [
            -2.742737,
            7.8491,
            0.251858,
            0.145319,
            0.021701,
            -0.26764
          ],
          [
            -0.071552,
            0.251858,
            0.129932,
            -0.105581,
            -0.009132,
            0.350165
          ],
          [
            -0.003891,
            0.145319,
            -0.105581,
            0.531749,
            0.090335,
            -0.336159
          ],
          [
            -0.024562,
            0.021701,
            -0.009132,
            0.090335,
            0.140052,
            0.218715
          ],
          [
            1.474616,
            -0.26764,
            0.350165,
            -0.336159,
            0.218715,
            5.660096
          ]
        ],
        "n": 1081
      }
    },
    "FC_R": {
      "mlb": {
        "mu": [
          8.669791,
          -1.988293,
          37.53246,
          6.404359,
          90.106304
        ],
        "cov": [
          [
            9.720357,
            1.433945,
            6.668364,
            0.069839,
            2.474359
          ],
          [
            1.433945,
            8.758602,
            -9.787174,
            -0.156802,
            2.094422
          ],
          [
            6.668364,
            -9.787174,
            121.18809,
            -0.121066,
            3.475614
          ],
          [
            0.069839,
            -0.156802,
            -0.121066,
            0.203925,
            0.052065
          ],
          [
            2.474359,
            2.094422,
            3.475614,
            0.052065,
            8.869559
          ]
        ],
        "n": 2443
      },
      "roc": {
        "mu": [
          8.632966,
          -2.044281,
          5.642217,
          -1.698242,
          6.382404,
          89.893792
        ],
        "cov": [
          [
            10.047087,
            1.221396,
            0.20445,
            0.421128,
            0.093582,
            2.777225
          ],
          [
            1.221396,
            8.806763,
            -0.354378,
            -0.26098,
            -0.130343,
            1.795118
          ],
          [
            0.20445,
            -0.354378,
            0.173808,
            0.099386,
            -0.035081,
            0.056374
          ],
          [
            0.421128,
            -0.26098,
            0.099386,
            0.478474,
            -0.052016,
            0.241689
          ],
          [
            0.093582,
            -0.130343,
            -0.035081,
            -0.052016,
            0.203741,
            0.131949
          ],
          [
            2.777225,
            1.795118,
            0.056374,
            0.241689,
            0.131949,
            8.924798
          ]
        ],
        "n": 3270
      }
    },
    "FF_L": {
      "mlb": {
        "mu": [
          16.312359,
          -8.149085,
          40.720679,
          6.45196,
          93.401427
        ],
        "cov": [
          [
            8.179004,
            4.06125,
            22.003243,
            0.027553,
            0.220147
          ],
          [
            4.06125,
            16.019015,
            26.745788,
            0.281655,
            -0.654931
          ],
          [
            22.003243,
            26.745788,
            139.146882,
            0.611036,
            2.555028
          ],
          [
            0.027553,
            0.281655,
            0.611036,
            0.180898,
            -0.125364
          ],
          [
            0.220147,
            -0.654931,
            2.555028,
            -0.125364,
            5.602258
          ]
        ],
        "n": 3714
      },
      "roc": {
        "mu": [
          16.420899,
          -7.887346,
          5.72564,
          1.736416,
          6.467889,
          93.322933
        ],
        "cov": [
          [
            8.304867,
            3.310986,
            0.466298,
            -0.865848,
            0.052021,
            0.631208
          ],
          [
            3.310986,
            16.097667,
            0.653066,
            -0.942479,
            0.256504,
            -0.524454
          ],
          [
            0.466298,
            0.653066,
            0.150751,
            -0.141873,
            -0.013874,
            0.051475
          ],
          [
            -0.865848,
            -0.942479,
            -0.141873,
            0.520013,
            0.008345,
            -0.257615
          ],
          [
            0.052021,
            0.256504,
            -0.013874,
            0.008345,
            0.171896,
            -0.118378
          ],
          [
            0.631208,
            -0.524454,
            0.051475,
            -0.257615,
            -0.118378,
            5.395649
          ]
        ],
        "n": 4718
      }
    },
    "FF_R": {
      "mlb": {
        "mu": [
          16.19199,
          7.740058,
          39.367881,
          6.522225,
          95.051001
        ],
        "cov": [
          [
            7.553998,
            -2.645367,
            17.475368,
            0.191022,
            0.457442
          ],
          [
            -2.645367,
            15.614515,
            -26.625562,
            -0.302818,
            -0.561366
          ],
          [
            17.475368,
            -26.625562,
            136.800234,
            0.640033,
            4.27191
          ],
          [
            0.191022,
            -0.302818,
            0.640033,
            0.18683,
            0.054675
          ],
          [
            0.457442,
            -0.561366,
            4.27191,
            0.054675,
            5.57356
          ]
        ],
        "n": 9988
      },
      "roc": {
        "mu": [
          16.272137,
          7.834842,
          5.652096,
          -1.632532,
          6.51151,
          94.985392
        ],
        "cov": [
          [
            7.916343,
            -2.853797,
            0.479893,
            0.595606,
            0.192119,
            0.356723
          ],
          [
            -2.853797,
            16.738432,
            -0.757049,
            -0.846446,
            -0.255931,
            -0.247014
          ],
          [
            0.479893,
            -0.757049,
            0.182313,
            0.119564,
            -0.014234,
            0.126709
          ],
          [
            0.595606,
            -0.846446,
            0.119564,
            0.440745,
            -0.004495,
            0.162715
          ],
          [
            0.192119,
            -0.255931,
            -0.014234,
            -0.004495,
            0.179211,
            0.04876
          ],
          [
            0.356723,
            -0.247014,
            0.126709,
            0.162715,
            0.04876,
            5.638361
          ]
        ],
        "n": 12924
      }
    },
    "FS_L": {
      "mlb": {
        "mu": [
          2.843168,
          -10.917391,
          37.041925,
          6.438478,
          85.282919
        ],
        "cov": [
          [
            25.359096,
            1.863214,
            24.70859,
            0.585175,
            2.517656
          ],
          [
            1.863214,
            19.54574,
            13.92989,
            0.189892,
            -4.515563
          ],
          [
            24.70859,
            13.92989,
            97.179078,
            0.860052,
            2.960718
          ],
          [
            0.585175,
            0.189892,
            0.860052,
            0.233528,
            0.033781
          ],
          [
            2.517656,
            -4.515563,
            2.960718,
            0.033781,
            6.284536
          ]
        ],
        "n": 322
      },
      "roc": {
