{
  "teams": [
    "ARI",
    "ATH",
    "ATL",
    "BAL",
    "BOS",
    "CHC",
    "CIN",
    "CLE",
    "COL",
    "CWS",
    "DET",
    "HOU",
    "KCR",
    "LAA",
    "LAD",
    "MIA",
    "MIL",
    "MIN",
    "NYM",
    "NYY",
    "PHI",
    "PIT",
    "ROC",
    "SDP",
    "SEA",
    "SFG",
    "STL",
    "TBR",
    "TEX",
    "TOR",
    "WSH"
  ],
  "pitchTypes": [
    "CH",
    "CU",
    "EP",
    "FC",
    "FF",
    "FS",
    "SI",
    "SL",
    "ST",
    "SV"
  ],
  "generatedAt": "2026-04-09 14:58",
  "totalPitches": 54408,
  "totalPitchers": 430,
  "totalHitters": 409,
  "rocTeams": [
    "ROC"
  ],
  "leagueAverages": {
    "FF": {
      "velocity": 94.56,
      "spinRate": 2313.76,
      "indVertBrk": 16.31,
      "horzBrk": 3.51,
      "relPosZ": 5.67,
      "relPosX": -0.73,
      "extension": 6.51,
      "armAngle": 39.7,
      "vaa": -4.62,
      "haa": 0.52,
      "strikePct": 0.6524,
      "izPct": 0.524,
      "swStrRate": 0.1078,
      "swStrPct": 0.2239,
      "cswPct": 0.2831,
      "izWhiffPct": 0.1758,
      "chasePct": 0.2757,
      "gbPct": 0.3167,
      "fpsPct": 0.601,
      "breakTiltMinutes": 23,
      "breakTilt": "12:23",
      "xBA": 0.2419,
      "xSLG": 0.4336,
      "xwOBA": 0.3485,
      "count": 397
    },
    "SI": {
      "velocity": 93.91,
      "spinRate": 2187.36,
      "indVertBrk": 7.59,
      "horzBrk": 5.7,
      "relPosZ": 5.53,
      "relPosX": -0.55,
      "extension": 6.43,
      "armAngle": 33.0,
      "vaa": -5.81,
      "haa": 0.04,
      "strikePct": 0.6599,
      "izPct": 0.5499,
      "swStrRate": 0.0644,
      "swStrPct": 0.142,
      "cswPct": 0.2761,
      "izWhiffPct": 0.0976,
      "chasePct": 0.2462,
      "gbPct": 0.5462,
      "fpsPct": 0.6063,
      "breakTiltMinutes": 72,
      "breakTilt": "1:12",
      "xBA": 0.2801,
      "xSLG": 0.4073,
      "xwOBA": 0.3531,
      "count": 318
    },
    "SL": {
      "velocity": 86.24,
      "spinRate": 2429.43,
      "indVertBrk": 0.97,
      "horzBrk": -1.49,
      "relPosZ": 5.79,
      "relPosX": -0.67,
      "extension": 6.36,
      "armAngle": 40.9,
      "vaa": -7.79,
      "haa": 1.1,
      "strikePct": 0.6291,
      "izPct": 0.4632,
      "swStrRate": 0.1671,
      "swStrPct": 0.3503,
      "cswPct": 0.3245,
      "izWhiffPct": 0.214,
      "chasePct": 0.3177,
      "gbPct": 0.4265,
      "fpsPct": 0.6131,
      "breakTiltMinutes": 615,
      "breakTilt": "10:15",
      "xBA": 0.2216,
      "xSLG": 0.3669,
      "xwOBA": 0.2878,
      "count": 266
    },
    "FS": {
      "velocity": 86.78,
      "spinRate": 1412.9,
      "indVertBrk": 2.57,
      "horzBrk": 8.02,
      "relPosZ": 5.67,
      "relPosX": -1.1,
      "extension": 6.61,
      "armAngle": 39.35,
      "vaa": -7.76,
      "haa": 0.37,
      "strikePct": 0.5847,
      "izPct": 0.374,
      "swStrRate": 0.1814,
      "swStrPct": 0.3643,
      "cswPct": 0.2592,
      "izWhiffPct": 0.2487,
      "chasePct": 0.3473,
      "gbPct": 0.5559,
      "fpsPct": 0.5608,
      "breakTiltMinutes": 133,
      "breakTilt": "2:13",
      "xBA": 0.1985,
      "xSLG": 0.2866,
      "xwOBA": 0.2372,
      "count": 94
    },
    "ST": {
      "velocity": 82.34,
      "spinRate": 2567.95,
      "indVertBrk": 1.3,
      "horzBrk": -5.15,
      "relPosZ": 5.44,
      "relPosX": -0.59,
      "extension": 6.33,
      "armAngle": 30.04,
      "vaa": -7.65,
      "haa": 1.38,
      "strikePct": 0.591,
      "izPct": 0.4424,
      "swStrRate": 0.142,
      "swStrPct": 0.3191,
      "cswPct": 0.2986,
      "izWhiffPct": 0.2038,
      "chasePct": 0.2717,
      "gbPct": 0.3262,
      "fpsPct": 0.5664,
      "breakTiltMinutes": 569,
      "breakTilt": "9:29",
      "xBA": 0.1856,
      "xSLG": 0.3051,
      "xwOBA": 0.2585,
      "count": 204
    },
    "FC": {
      "velocity": 89.77,
      "spinRate": 2378.51,
      "indVertBrk": 8.63,
      "horzBrk": -1.08,
      "relPosZ": 5.67,
      "relPosX": -0.72,
      "extension": 6.41,
      "armAngle": 37.52,
      "vaa": -6.01,
      "haa": 1.11,
      "strikePct": 0.6469,
      "izPct": 0.5284,
      "swStrRate": 0.1132,
      "swStrPct": 0.2394,
      "cswPct": 0.2878,
      "izWhiffPct": 0.1689,
      "chasePct": 0.2484,
      "gbPct": 0.375,
      "fpsPct": 0.6091,
      "breakTiltMinutes": 704,
      "breakTilt": "11:44",
      "xBA": 0.259,
      "xSLG": 0.443,
      "xwOBA": 0.351,
      "count": 181
    },
    "CH": {
      "velocity": 85.96,
      "spinRate": 1759.87,
      "indVertBrk": 4.15,
      "horzBrk": 4.27,
      "relPosZ": 5.61,
      "relPosX": -0.44,
      "extension": 6.44,
      "armAngle": 36.38,
      "vaa": -7.51,
      "haa": 0.04,
      "strikePct": 0.578,
      "izPct": 0.3973,
      "swStrRate": 0.1643,
      "swStrPct": 0.3417,
      "cswPct": 0.2593,
      "izWhiffPct": 0.2471,
      "chasePct": 0.3156,
      "gbPct": 0.5285,
      "fpsPct": 0.5447,
      "breakTiltMinutes": 103,
      "breakTilt": "1:43",
      "xBA": 0.2204,
      "xSLG": 0.3183,
      "xwOBA": 0.2654,
      "count": 253
    },
    "SV": {
      "velocity": 82.09,
      "spinRate": 2583.15,
      "indVertBrk": -6.57,
      "horzBrk": -10.59,
      "relPosZ": 5.76,
      "relPosX": -1.6,
      "extension": 6.4,
      "armAngle": 37.22,
      "vaa": -8.98,
      "haa": 3.11,
      "strikePct": 0.6003,
      "izPct": 0.4297,
      "swStrRate": 0.1536,
      "swStrPct": 0.3468,
      "cswPct": 0.3164,
      "izWhiffPct": 0.1398,
      "chasePct": 0.3166,
      "gbPct": 0.4148,
      "fpsPct": 0.5679,
      "breakTiltMinutes": 473,
      "breakTilt": "7:53",
      "xBA": 0.1926,
      "xSLG": 0.3217,
      "xwOBA": 0.2599,
      "count": 30
    },
    "CU": {
      "velocity": 80.37,
      "spinRate": 2551.23,
      "indVertBrk": -11.9,
      "horzBrk": -4.19,
      "relPosZ": 5.95,
      "relPosX": -0.73,
      "extension": 6.4,
      "armAngle": 44.61,
      "vaa": -9.89,
      "haa": 1.3,
      "strikePct": 0.5711,
      "izPct": 0.4211,
      "swStrRate": 0.1252,
      "swStrPct": 0.3151,
      "cswPct": 0.2988,
      "izWhiffPct": 0.1633,
      "chasePct": 0.269,
      "gbPct": 0.5116,
      "fpsPct": 0.5289,
      "breakTiltMinutes": 391,
      "breakTilt": "6:31",
      "xBA": 0.2169,
      "xSLG": 0.3445,
      "xwOBA": 0.2797,
      "count": 188
    }
  },
  "pitcherLeagueAverages": {
    "strikePct": 0.6276,
    "izPct": 0.4853,
    "swStrRate": 0.1226,
    "swStrPct": 0.2648,
    "cswPct": 0.2872,
    "izWhiffPct": 0.1772,
    "chasePct": 0.2845,
    "gbPct": 0.4299,
    "kPct": 0.234,
    "bbPct": 0.0971,
    "kbbPct": 0.1369,
    "babip": 0.2879,
    "fpsPct": 0.5913,
    "twoStrikeWhiffPct": 0.2598,
    "relPosZ": 5.6537,
    "relPosX": -0.6745,
    "extension": 6.4386,
    "armAngle": 37.6771,
    "vaa": -6.4728,
    "haa": 0.6745,
    "avgEVAgainst": 88.8314,
    "maxEVAgainst": 108.4695,
    "hardHitPct": 0.3988,
    "barrelPctAgainst": 0.0818,
    "ldPct": 0.2255,
    "fbPct": 0.2654,
    "puPct": 0.0766,
    "hrFbPct": 0.106,
    "wOBA": 0.3139,
    "xBA": 0.2357,
    "xSLG": 0.3831,
    "xwOBA": 0.3147,
    "xwOBAcon": 0.3638,
    "count": 430,
    "era": 3.96,
    "hr9": 0.93,
    "fip": 3.93,
    "xFIP": 3.94,
    "siera": 3.95
  },
  "hitterLeagueAverages": {
    "wOBA": 0.3145,
    "xBA": 0.2361,
    "xSLG": 0.3846,
    "xwOBA": 0.3152,
    "xwOBAcon": 0.3633,
    "xwOBAsp": 0.3634,
    "avgEVAll": 88.8524,
    "ev50": 99.6653,
    "maxEV": 107.0426,
    "hardHitPct": 0.3992,
    "barrelPct": 0.0822,
    "sacqPct": 0.2864,
    "gbPct": 0.4318,
    "ldPct": 0.226,
    "fbPct": 0.2656,
    "puPct": 0.0765,
    "hrFbPct": 0.1105,
    "pullPct": 0.2475,
    "middlePct": 0.0,
    "oppoPct": 0.1334,
    "airPullPct": 0.0994,
    "swingPct": 0.4642,
    "izSwingPct": 0.6501,
    "chasePct": 0.2876,
    "izSwChase": 0.3625,
    "contactPct": 0.7378,
    "izContactPct": 0.8258,
    "whiffPct": 0.2622,
    "batSpeed": 70.9817,
    "swingLength": 7.2912,
    "attackAngle": 9.8622,
    "attackDirection": -1.5268,
    "swingPathTilt": 32.1195,
    "twoStrikeWhiffPct": 0.2622,
    "firstPitchSwingPct": 0.3019,
    "avgFbDist": 309.2761,
    "avgHrDist": 392.9572,
    "sprintSpeed": 26.7785,
    "runValue": -0.0717,
    "count": 409
  },
  "vaaRegressions": {
    "CH": {
      "slope": 1.082016,
      "intercept": -9.473799,
      "leagueAvgPlateZ": 1.814233
    },
    "CU": {
      "slope": 0.976368,
      "intercept": -11.665325,
      "leagueAvgPlateZ": 1.816599
    },
    "EP": {
      "slope": 0.938882,
      "intercept": -17.359429,
      "leagueAvgPlateZ": 2.878557
    },
    "FC": {
      "slope": 1.10198,
      "intercept": -8.79119,
      "leagueAvgPlateZ": 2.523278
    },
    "FF": {
      "slope": 1.063968,
      "intercept": -7.677556,
      "leagueAvgPlateZ": 2.87089
    },
    "FS": {
      "slope": 1.074713,
      "intercept": -9.594265,
      "leagueAvgPlateZ": 1.709776
    },
    "SI": {
      "slope": 1.084793,
      "intercept": -8.452497,
      "leagueAvgPlateZ": 2.434406
    },
    "SL": {
      "slope": 1.085888,
      "intercept": -9.894708,
      "leagueAvgPlateZ": 1.941939
    },
    "ST": {
      "slope": 1.127229,
      "intercept": -9.936943,
      "leagueAvgPlateZ": 2.026572
    },
    "SV": {
      "slope": 1.093601,
      "intercept": -10.993667,
      "leagueAvgPlateZ": 1.841771
    }
  },
  "haaRegressions": {
    "CH": {
      "slope": 0.75542,
      "intercept": 0.086345,
      "leagueAvgPlateX": -0.065459
    },
    "CU": {
      "slope": 1.269776,
      "intercept": 1.247937,
      "leagueAvgPlateX": 0.044755
    },
    "EP": {
      "slope": 0.995547,
      "intercept": 1.10409,
      "leagueAvgPlateX": 0.015567
    },
    "FC": {
      "slope": 1.725008,
      "intercept": 0.875273,
      "leagueAvgPlateX": 0.136181
    },
    "FF": {
      "slope": 1.037681,
      "intercept": 0.529364,
      "leagueAvgPlateX": -0.004601
    },
    "FS": {
      "slope": 0.850886,
      "intercept": 0.505709,
      "leagueAvgPlateX": -0.160732
    },
    "SI": {
      "slope": 0.818523,
      "intercept": 0.100767,
      "leagueAvgPlateX": -0.072365
    },
    "SL": {
      "slope": 1.816379,
      "intercept": 0.822728,
      "leagueAvgPlateX": 0.154242
    },
    "ST": {
      "slope": 2.349489,
      "intercept": 0.957465,
      "leagueAvgPlateX": 0.181341
    },
    "SV": {
      "slope": 1.584073,
      "intercept": 2.79989,
      "leagueAvgPlateX": 0.194674
    }
  },
  "sacqZones": [
    {
      "spray": "center_oppo",
      "laMin": null,
      "laMax": 0,
      "laBin": 0,
      "woba": 0.125,
      "xwobacon": 0.18,
      "quality": false,
      "count": 248
    },
    {
      "spray": "center_oppo",
      "laMin": 0,
      "laMax": 5,
      "laBin": 1,
      "woba": 0.277,
      "xwobacon": 0.375,
      "quality": false,
      "count": 65
    },
    {
      "spray": "center_oppo",
      "laMin": 5,
      "laMax": 10,
      "laBin": 2,
      "woba": 0.279,
      "xwobacon": 0.492,
      "quality": false,
      "count": 85
    },
    {
      "spray": "center_oppo",
      "laMin": 10,
      "laMax": 15,
      "laBin": 3,
      "woba": 0.534,
      "xwobacon": 0.696,
      "quality": true,
      "count": 91
    },
    {
      "spray": "center_oppo",
      "laMin": 15,
      "laMax": 20,
      "laBin": 4,
      "woba": 0.438,
      "xwobacon": 0.636,
      "quality": false,
      "count": 100
    },
    {
      "spray": "center_oppo",
      "laMin": 20,
      "laMax": 25,
      "laBin": 5,
      "woba": 0.389,
      "xwobacon": 0.625,
      "quality": false,
      "count": 93
    },
    {
      "spray": "center_oppo",
      "laMin": 25,
      "laMax": 30,
      "laBin": 6,
      "woba": 0.229,
      "xwobacon": 0.657,
      "quality": false,
      "count": 109
    },
    {
      "spray": "center_oppo",
      "laMin": 30,
      "laMax": 35,
      "laBin": 7,
      "woba": 0.15,
      "xwobacon": 0.476,
      "quality": false,
      "count": 105
    },
    {
      "spray": "center_oppo",
      "laMin": 35,
      "laMax": 40,
      "laBin": 8,
      "woba": 0.108,
      "xwobacon": 0.372,
      "quality": false,
      "count": 79
    },
    {
      "spray": "center_oppo",
      "laMin": 40,
      "laMax": 50,
      "laBin": 9,
      "woba": 0.046,
      "xwobacon": 0.083,
      "quality": false,
      "count": 97
    },
    {
      "spray": "center_oppo",
      "laMin": 50,
      "laMax": null,
      "laBin": 10,
      "woba": 0.02,
      "xwobacon": 0.019,
      "quality": false,
      "count": 105
    },
    {
      "spray": "center_pull",
      "laMin": null,
      "laMax": 0,
      "laBin": 0,
      "woba": 0.319,
      "xwobacon": 0.19,
      "quality": false,
      "count": 341
    },
    {
      "spray": "center_pull",
      "laMin": 0,
      "laMax": 5,
      "laBin": 1,
      "woba": 0.593,
      "xwobacon": 0.409,
      "quality": true,
      "count": 91
    },
    {
      "spray": "center_pull",
      "laMin": 5,
      "laMax": 10,
      "laBin": 2,
      "woba": 0.73,
      "xwobacon": 0.532,
      "quality": true,
      "count": 110
    },
    {
      "spray": "center_pull",
      "laMin": 10,
      "laMax": 15,
      "laBin": 3,
      "woba": 0.866,
      "xwobacon": 0.75,
      "quality": true,
      "count": 100
    },
    {
      "spray": "center_pull",
      "laMin": 15,
      "laMax": 20,
      "laBin": 4,
      "woba": 0.714,
      "xwobacon": 0.682,
      "quality": true,
      "count": 138
    },
    {
      "spray": "center_pull",
      "laMin": 20,
      "laMax": 25,
      "laBin": 5,
      "woba": 0.5,
      "xwobacon": 0.693,
      "quality": false,
      "count": 115
    },
    {
      "spray": "center_pull",
      "laMin": 25,
      "laMax": 30,
      "laBin": 6,
      "woba": 0.558,
      "xwobacon": 0.834,
      "quality": true,
      "count": 99
    },
    {
      "spray": "center_pull",
      "laMin": 30,
      "laMax": 35,
      "laBin": 7,
      "woba": 0.474,
      "xwobacon": 0.694,
      "quality": false,
      "count": 86
    },
    {
      "spray": "center_pull",
      "laMin": 35,
      "laMax": 40,
      "laBin": 8,
      "woba": 0.174,
      "xwobacon": 0.336,
      "quality": false,
      "count": 62
    },
    {
      "spray": "center_pull",
      "laMin": 40,
      "laMax": 50,
      "laBin": 9,
      "woba": 0.069,
      "xwobacon": 0.099,
      "quality": false,
      "count": 112
    },
    {
      "spray": "center_pull",
      "laMin": 50,
      "laMax": null,
      "laBin": 10,
      "woba": 0.0,
      "xwobacon": 0.022,
      "quality": false,
      "count": 90
    },
    {
      "spray": "oppo",
      "laMin": null,
      "laMax": 0,
      "laBin": 0,
      "woba": 0.305,
      "xwobacon": 0.17,
      "quality": false,
      "count": 160
    },
    {
      "spray": "oppo",
      "laMin": 0,
      "laMax": 5,
      "laBin": 1,
      "woba": 0.608,
      "xwobacon": 0.315,
      "quality": true,
      "count": 49
    },
    {
      "spray": "oppo",
      "laMin": 5,
      "laMax": 10,
      "laBin": 2,
      "woba": 0.786,
      "xwobacon": 0.485,
      "quality": true,
      "count": 44
    },
    {
      "spray": "oppo",
      "laMin": 10,
      "laMax": 15,
      "laBin": 3,
      "woba": 0.785,
      "xwobacon": 0.683,
      "quality": true,
      "count": 56
    },
    {
      "spray": "oppo",
      "laMin": 15,
      "laMax": 20,
      "laBin": 4,
      "woba": 0.587,
      "xwobacon": 0.61,
      "quality": true,
      "count": 52
    },
    {
      "spray": "oppo",
      "laMin": 20,
      "laMax": 25,
      "laBin": 5,
      "woba": 0.503,
      "xwobacon": 0.589,
      "quality": true,
      "count": 73
    },
    {
      "spray": "oppo",
      "laMin": 25,
      "laMax": 30,
      "laBin": 6,
      "woba": 0.608,
      "xwobacon": 0.502,
      "quality": true,
      "count": 75
    },
    {
      "spray": "oppo",
      "laMin": 30,
      "laMax": 35,
      "laBin": 7,
      "woba": 0.421,
      "xwobacon": 0.312,
      "quality": false,
      "count": 80
    },
    {
      "spray": "oppo",
      "laMin": 35,
      "laMax": 40,
      "laBin": 8,
      "woba": 0.27,
      "xwobacon": 0.148,
      "quality": false,
      "count": 68
    },
    {
      "spray": "oppo",
      "laMin": 40,
      "laMax": 50,
      "laBin": 9,
      "woba": 0.099,
      "xwobacon": 0.053,
      "quality": false,
      "count": 154
    },
    {
      "spray": "oppo",
      "laMin": 50,
      "laMax": null,
      "laBin": 10,
      "woba": 0.057,
      "xwobacon": 0.016,
      "quality": false,
      "count": 370
    },
    {
      "spray": "oppo_side",
      "laMin": null,
      "laMax": 0,
      "laBin": 0,
      "woba": 0.28,
      "xwobacon": 0.179,
      "quality": false,
      "count": 224
    },
    {
      "spray": "oppo_side",
      "laMin": 0,
      "laMax": 5,
      "laBin": 1,
      "woba": 0.327,
      "xwobacon": 0.38,
      "quality": false,
      "count": 66
    },
    {
      "spray": "oppo_side",
      "laMin": 5,
      "laMax": 10,
      "laBin": 2,
      "woba": 0.542,
      "xwobacon": 0.468,
      "quality": true,
      "count": 83
    },
    {
      "spray": "oppo_side",
      "laMin": 10,
      "laMax": 15,
      "laBin": 3,
      "woba": 0.774,
      "xwobacon": 0.694,
      "quality": true,
      "count": 89
    },
    {
      "spray": "oppo_side",
      "laMin": 15,
      "laMax": 20,
      "laBin": 4,
      "woba": 0.628,
      "xwobacon": 0.65,
      "quality": true,
      "count": 81
    },
    {
      "spray": "oppo_side",
      "laMin": 20,
      "laMax": 25,
      "laBin": 5,
      "woba": 0.53,
      "xwobacon": 0.577,
      "quality": true,
      "count": 108
    },
    {
      "spray": "oppo_side",
      "laMin": 25,
      "laMax": 30,
      "laBin": 6,
      "woba": 0.329,
      "xwobacon": 0.568,
      "quality": false,
      "count": 91
    },
    {
      "spray": "oppo_side",
      "laMin": 30,
      "laMax": 35,
      "laBin": 7,
      "woba": 0.266,
      "xwobacon": 0.447,
      "quality": false,
      "count": 100
    },
    {
      "spray": "oppo_side",
      "laMin": 35,
      "laMax": 40,
      "laBin": 8,
      "woba": 0.047,
      "xwobacon": 0.165,
      "quality": false,
      "count": 77
    },
    {
      "spray": "oppo_side",
      "laMin": 40,
      "laMax": 50,
      "laBin": 9,
      "woba": 0.027,
      "xwobacon": 0.077,
      "quality": false,
      "count": 108
    },
    {
      "spray": "oppo_side",
      "laMin": 50,
      "laMax": null,
      "laBin": 10,
      "woba": 0.006,
      "xwobacon": 0.02,
      "quality": false,
      "count": 142
    },
    {
      "spray": "pull",
      "laMin": null,
      "laMax": 0,
      "laBin": 0,
      "woba": 0.179,
      "xwobacon": 0.148,
      "quality": false,
      "count": 995
    },
    {
      "spray": "pull",
      "laMin": 0,
      "laMax": 5,
      "laBin": 1,
      "woba": 0.379,
      "xwobacon": 0.376,
      "quality": false,
      "count": 184
    },
    {
      "spray": "pull",
      "laMin": 5,
      "laMax": 10,
      "laBin": 2,
      "woba": 0.496,
      "xwobacon": 0.53,
      "quality": false,
      "count": 167
    },
    {
      "spray": "pull",
      "laMin": 10,
      "laMax": 15,
      "laBin": 3,
      "woba": 0.889,
      "xwobacon": 0.763,
      "quality": true,
      "count": 174
    },
    {
      "spray": "pull",
      "laMin": 15,
      "laMax": 20,
      "laBin": 4,
      "woba": 1.012,
      "xwobacon": 0.699,
      "quality": true,
      "count": 134
    },
    {
      "spray": "pull",
      "laMin": 20,
      "laMax": 25,
      "laBin": 5,
      "woba": 1.057,
      "xwobacon": 0.805,
      "quality": true,
      "count": 132
    },
    {
      "spray": "pull",
      "laMin": 25,
      "laMax": 30,
      "laBin": 6,
      "woba": 1.187,
      "xwobacon": 0.918,
      "quality": true,
      "count": 108
    },
    {
      "spray": "pull",
      "laMin": 30,
      "laMax": 35,
      "laBin": 7,
      "woba": 1.025,
      "xwobacon": 0.685,
      "quality": true,
      "count": 68
    },
    {
      "spray": "pull",
      "laMin": 35,
      "laMax": 40,
      "laBin": 8,
      "woba": 0.903,
      "xwobacon": 0.548,
      "quality": true,
      "count": 49
    },
    {
      "spray": "pull",
      "laMin": 40,
      "laMax": 50,
      "laBin": 9,
      "woba": 0.355,
      "xwobacon": 0.145,
      "quality": false,
      "count": 66
    },
    {
      "spray": "pull",
      "laMin": 50,
      "laMax": null,
      "laBin": 10,
      "woba": 0.036,
      "xwobacon": 0.017,
      "quality": false,
      "count": 100
    },
    {
      "spray": "pull_side",
      "laMin": null,
      "laMax": 0,
      "laBin": 0,
      "woba": 0.119,
      "xwobacon": 0.164,
      "quality": false,
      "count": 709
    },
    {
      "spray": "pull_side",
      "laMin": 0,
      "laMax": 5,
      "laBin": 1,
      "woba": 0.229,
      "xwobacon": 0.377,
      "quality": false,
      "count": 164
    },
    {
      "spray": "pull_side",
      "laMin": 5,
      "laMax": 10,
      "laBin": 2,
      "woba": 0.351,
      "xwobacon": 0.492,
      "quality": false,
      "count": 157
    },
    {
      "spray": "pull_side",
      "laMin": 10,
      "laMax": 15,
      "laBin": 3,
      "woba": 0.63,
      "xwobacon": 0.758,
      "quality": true,
      "count": 127
    },
    {
      "spray": "pull_side",
      "laMin": 15,
      "laMax": 20,
      "laBin": 4,
      "woba": 0.568,
      "xwobacon": 0.703,
      "quality": true,
      "count": 119
    },
    {
      "spray": "pull_side",
      "laMin": 20,
      "laMax": 25,
      "laBin": 5,
      "woba": 0.813,
      "xwobacon": 0.838,
      "quality": true,
      "count": 107
    },
    {
      "spray": "pull_side",
      "laMin": 25,
      "laMax": 30,
      "laBin": 6,
      "woba": 0.921,
      "xwobacon": 0.946,
      "quality": true,
      "count": 89
    },
    {
      "spray": "pull_side",
      "laMin": 30,
      "laMax": 35,
      "laBin": 7,
      "woba": 0.825,
      "xwobacon": 0.648,
      "quality": true,
      "count": 81
    },
    {
      "spray": "pull_side",
      "laMin": 35,
      "laMax": 40,
      "laBin": 8,
      "woba": 0.389,
      "xwobacon": 0.4,
      "quality": false,
      "count": 64
    },
    {
      "spray": "pull_side",
      "laMin": 40,
      "laMax": 50,
      "laBin": 9,
      "woba": 0.054,
      "xwobacon": 0.139,
      "quality": false,
      "count": 71
    },
    {
      "spray": "pull_side",
      "laMin": 50,
      "laMax": null,
      "laBin": 10,
      "woba": 0.011,
      "xwobacon": 0.02,
      "quality": false,
      "count": 82
    }
  ],
  "mvnModels": {
    "CH_L": {
      "mlb": {
        "mu": [
          4.428013,
          -14.569556,
          37.485518,
          6.387267,
          84.637579
        ],
        "cov": [
          [
            28.572118,
            0.984192,
            35.766932,
            0.242635,
            -1.571429
          ],
          [
            0.984192,
            9.858946,
            6.671927,
            0.092406,
            -2.079183
          ],
          [
            35.766932,
            6.671927,
            113.326147,
            -0.056805,
            2.6178
          ],
          [
            0.242635,
            0.092406,
            -0.056805,
            0.192808,
            -0.207998
          ],
          [
            -1.571429,
            -2.079183,
            2.6178,
            -0.207998,
            10.323648
          ]
        ],
        "n": 1892
      },
      "roc": {
        "mu": [
          4.569081,
          -14.4634,
          5.672401,
          1.827074,
          6.391667,
          84.620502
        ],
        "cov": [
          [
            29.118764,
            1.534998,
            0.900142,
            -1.295801,
            0.314506,
            -1.643047
          ],
          [
            1.534998,
            10.268034,
            0.107229,
            0.063475,
            0.118897,
            -2.446028
          ],
          [
            0.900142,
            0.107229,
            0.152037,
            -0.129682,
            -0.003314,
            0.183409
          ],
          [
            -1.295801,
            0.063475,
            -0.129682,
            0.596328,
            0.070674,
            -0.630594
          ],
          [
            0.314506,
            0.118897,
            -0.003314,
            0.070674,
            0.200203,
            -0.26551
          ],
          [
            -1.643047,
            -2.446028,
            0.183409,
            -0.630594,
            -0.26551,
            10.637093
          ]
        ],
        "n": 2112
      }
    },
    "CH_R": {
      "mlb": {
        "mu": [
          3.869299,
          15.091128,
          35.861372,
          6.467732,
          86.816372
        ],
        "cov": [
          [
            22.883562,
            1.905803,
            26.283367,
            0.055892,
            -1.867484
          ],
          [
            1.905803,
            13.964712,
            -8.079959,
            0.013722,
            0.447599
          ],
          [
            26.283367,
            -8.079959,
            133.97773,
            0.008121,
            -3.323
          ],
          [
            0.055892,
            0.013722,
            0.008121,
            0.136493,
            -0.088444
          ],
          [
            -1.867484,
            0.447599,
            -3.323,
            -0.088444,
            10.938527
          ]
        ],
        "n": 3280
      },
      "roc": {
        "mu": [
          3.9624,
          14.93536,
          5.593784,
          -1.729971,
          6.458595,
          86.735173
        ],
        "cov": [
          [
            22.748295,
            1.382664,
            0.880861,
            0.455779,
            0.069346,
            -1.8684
          ],
          [
            1.382664,
            15.541833,
            -0.333534,
            -0.301656,
            0.023018,
            0.770652
          ],
          [
            0.880861,
            -0.333534,
            0.17809,
            0.091581,
            -0.015784,
            -0.120942
          ],
          [
            0.455779,
            -0.301656,
            0.091581,
            0.450049,
            -0.000264,
            0.186846
          ],
          [
            0.069346,
            0.023018,
            -0.015784,
            -0.000264,
            0.143775,
            -0.093303
          ],
          [
            -1.8684,
            0.770652,
            -0.120942,
            0.186846,
            -0.093303,
            10.481331
          ]
        ],
        "n": 3750
      }
    },
    "CU_L": {
      "mlb": {
        "mu": [
          -11.384916,
          7.370781,
          46.749262,
          6.2877,
          79.48597
        ],
        "cov": [
          [
            18.874799,
            -7.335071,
            -13.377333,
            0.310588,
            6.205365
          ],
          [
            -7.335071,
            18.924837,
            -2.370734,
            -0.242535,
            -8.763473
          ],
          [
            -13.377333,
            -2.370734,
            84.725586,
            0.731755,
            -5.771885
          ],
          [
            0.310588,
            -0.242535,
            0.731755,
            0.17559,
            0.189384
          ],
          [
            6.205365,
            -8.763473,
            -5.771885,
            0.189384,
            15.430352
          ]
        ],
        "n": 948
      },
      "roc": {
        "mu": [
          -11.505004,
          7.780429,
          6.036515,
          1.596559,
          6.278061,
          79.576676
        ],
        "cov": [
          [
            17.972945,
            -7.06686,
            -0.423659,
            1.398902,
            0.34197,
            5.738219
          ],
          [
            -7.06686,
            20.120878,
            0.293264,
            -0.301236,
            -0.395013,
            -7.980913
          ],
          [
            -0.423659,
            0.293264,
            0.112568,
            -0.079699,
            -0.04266,
            -0.360293
          ],
          [
            1.398902,
            -0.301236,
            -0.079699,
            0.432341,
            0.036456,
            0.06236
          ],
          [
            0.34197,
            -0.395013,
            -0.04266,
            0.036456,
            0.180977,
            0.180016
          ],
          [
            5.738219,
            -7.980913,
            -0.360293,
            0.06236,
            0.180016,
            14.57501
          ]
        ],
        "n": 1119
      }
    },
    "CU_R": {
      "mlb": {
        "mu": [
          -12.031412,
          -8.617455,
          43.869781,
          6.428417,
          80.744453
        ],
        "cov": [
          [
            12.724152,
            1.144141,
            -12.431049,
            0.061239,
            2.678553
          ],
          [
            1.144141,
            20.805698,
            19.541756,
            0.076357,
            7.647686
          ],
          [
            -12.431049,
            19.541756,
            92.35028,
            -0.085744,
            1.397056
          ],
          [
            0.061239,
            0.076357,
            -0.085744,
            0.156532,
            0.145336
          ],
          [
            2.678553,
            7.647686,
            1.397056,
            0.145336,
            15.337236
          ]
        ],
        "n": 2515
      },
      "roc": {
        "mu": [
          -12.041521,
          -8.742949,
          5.930568,
          -1.634388,
          6.430953,
          80.636201
        ],
        "cov": [
          [
            12.856922,
            1.276663,
            -0.454676,
            -0.45541,
            0.066002,
            2.628886
          ],
          [
            1.276663,
            21.123787,
            0.568843,
            0.432548,
            0.032317,
            7.774388
          ],
          [
            -0.454676,
            0.568843,
            0.168559,
            0.083935,
            -0.042841,
            -0.168395
          ],
          [
            -0.45541,
            0.432548,
            0.083935,
            0.43455,
            -0.029403,
            -0.040089
          ],
          [
            0.066002,
            0.032317,
            -0.042841,
            -0.029403,
            0.155233,
            0.120904
          ],
          [
            2.628886,
            7.774388,
            -0.168395,
            -0.040089,
            0.120904,
            14.979975
          ]
        ],
        "n": 2801
      }
    },
    "FC_L": {
      "mlb": {
        "mu": [
          8.434008,
          1.704251,
          38.303846,
          6.399352,
          88.961134
        ],
        "cov": [
          [
            8.29329,
            -2.506639,
            1.377519,
            -0.007507,
            1.463714
          ],
          [
            -2.506639,
            7.811937,
            4.943195,
            0.017108,
            -0.317514
          ],
          [
            1.377519,
            4.943195,
            93.634251,
            -0.197278,
            8.144547
          ],
          [
            -0.007507,
            0.017108,
            -0.197278,
            0.145451,
            0.225026
          ],
          [
            1.463714,
            -0.317514,
            8.144547,
            0.225026,
            5.669065
          ]
        ],
        "n": 988
      },
      "roc": {
        "mu": [
          8.511286,
          1.670953,
          5.723414,
          1.967271,
          6.409232,
          88.958557
        ],
        "cov": [
          [
            8.842317,
            -2.742737,
            -0.071552,
            -0.003891,
            -0.024562,
            1.474616
          ],
          [
            -2.742737,
            7.8491,
            0.251858,
            0.145319,
            0.021701,
            -0.26764
          ],
          [
            -0.071552,
            0.251858,
            0.129932,
            -0.105581,
            -0.009132,
            0.350165
          ],
          [
            -0.003891,
            0.145319,
            -0.105581,
            0.531749,
            0.090335,
            -0.336159
          ],
          [
            -0.024562,
            0.021701,
            -0.009132,
            0.090335,
            0.140052,
            0.218715
          ],
          [
            1.474616,
            -0.26764,
            0.350165,
            -0.336159,
            0.218715,
            5.660096
          ]
        ],
        "n": 1081
      }
    },
    "FC_R": {
      "mlb": {
        "mu": [
          8.707946,
          -2.1052,
          37.474881,
          6.414478,
          90.110582
        ],
        "cov": [
          [
            9.96827,
            1.22617,
            6.698507,
            0.065299,
            2.414432
          ],
          [
            1.22617,
            8.995057,
            -10.110753,
            -0.140406,
            2.155267
          ],
          [
            6.698507,
            -10.110753,
            116.623405,
            -0.152242,
            3.431156
          ],
          [
            0.065299,
            -0.140406,
            -0.152242,
            0.206953,
            0.076471
          ],
          [
            2.414432,
            2.155267,
            3.431156,
            0.076471,
            8.676771
          ]
        ],
        "n": 2731
      },
      "roc": {
        "mu": [
          8.632966,
          -2.044281,
          5.642217,
          -1.698242,
          6.382404,
          89.893792
        ],
        "cov": [
          [
            10.047087,
            1.221396,
            0.20445,
            0.421128,
            0.093582,
            2.777225
          ],
          [
            1.221396,
            8.806763,
            -0.354378,
            -0.26098,
            -0.130343,
            1.795118
          ],
          [
            0.20445,
            -0.354378,
            0.173808,
            0.099386,
            -0.035081,
            0.056374
          ],
          [
            0.421128,
            -0.26098,
            0.099386,
            0.478474,
            -0.052016,
            0.241689
          ],
          [
            0.093582,
            -0.130343,
            -0.035081,
            -0.052016,
            0.203741,
            0.131949
          ],
          [
            2.777225,
            1.795118,
            0.056374,
            0.241689,
            0.131949,
            8.924798
          ]
        ],
        "n": 3270
      }
    },
    "FF_L": {
      "mlb": {
        "mu": [
          16.433132,
          -8.063533,
          40.913606,
          6.458163,
          93.386104
        ],
        "cov": [
          [
            8.276647,
            3.976959,
            22.254625,
            0.033315,
            0.383315
          ],
          [
            3.976959,
            15.41071,
            25.937277,
            0.271256,
            -0.367946
          ],
          [
            22.254625,
            25.937277,
            142.600393,
            0.452158,
            3.252461
          ],
          [
            0.033315,
            0.271256,
            0.452158,
            0.17151,
            -0.099606
          ],
          [
            0.383315,
            -0.367946,
            3.252461,
            -0.099606,
            5.503363
          ]
        ],
        "n": 4138
      },
      "roc": {
        "mu": [
          16.420899,
          -7.887346,
          5.72564,
          1.736416,
          6.467889,
          93.322933
        ],
        "cov": [
          [
            8.304867,
            3.310986,
            0.466298,
            -0.865848,
            0.052021,
            0.631208
          ],
          [
            3.310986,
            16.097667,
            0.653066,
            -0.942479,
            0.256504,
            -0.524454
          ],
          [
            0.466298,
            0.653066,
            0.150751,
            -0.141873,
            -0.013874,
            0.051475
          ],
          [
            -0.865848,
            -0.942479,
            -0.141873,
            0.520013,
            0.008345,
            -0.257615
          ],
          [
            0.052021,
            0.256504,
            -0.013874,
            0.008345,
            0.171896,
            -0.118378
          ],
          [
            0.631208,
            -0.524454,
            0.051475,
            -0.257615,
            -0.118378,
            5.395649
          ]
        ],
        "n": 4718
      }
    },
    "FF_R": {
      "mlb": {
        "mu": [
          16.273819,
          7.806172,
          39.393873,
          6.532103,
          95.042749
        ],
        "cov": [
          [
            7.712159,
            -2.638356,
            17.380892,
            0.195074,
            0.271386
          ],
          [
            -2.638356,
            15.682147,
            -26.52187,
            -0.253363,
            -0.456142
          ],
          [
            17.380892,
            -26.52187,
            133.778809,
            0.539258,
            3.717258
          ],
          [
            0.195074,
            -0.253363,
            0.539258,
            0.183186,
            0.068687
          ],
          [
            0.271386,
            -0.456142,
            3.717258,
            0.068687,
            5.536299
          ]
        ],
        "n": 10985
      },
      "roc": {
        "mu": [
          16.27222,
          7.834551,
          5.65203,
          -1.632527,
          6.511518,
          94.985352
        ],
        "cov": [
          [
            7.916866,
            -2.853706,
            0.48,
            0.595646,
            0.192124,
            0.356793
          ],
          [
            -2.853706,
            16.73863,
            -0.757354,
            -0.846489,
            -0.255919,
            -0.247183
          ],
          [
            0.48,
            -0.757354,
            0.182271,
            0.119578,
            -0.014228,
            0.126685
          ],
          [
            0.595646,
            -0.846489,
            0.119578,
            0.440778,
            -0.004496,
            0.162731
          ],
          [
            0.192124,
            -0.255919,
            -0.014228,
            -0.004496,
            0.179224,
            0.048769
          ],
          [
            0.356793,
            -0.247183,
            0.126685,
            0.162731,
            0.048769,
            5.638777
          ]
        ],
        "n": 12923
      }
    },
    "FS_L": {
      "mlb": {
        "mu": [
          3.149724,
          -10.953867,
          37.76989,
          6.483867,
          85.422376
        ],
        "cov": [
          [
            26.080125,
            2.29842,
            30.999147,
            0.639735,
            2.845976
          ],
          [
            2.29842,
            18.233406,
            15.415243,
            0.1585,
            -4.097268
          ],
          [
            30.999147,
            15.415243,
            119.217678,
            1.039937,
            4.307961
          ],
          [
            0.639735,
            0.1585,
            1.039937,
            0.225187,
            0.084514
          ],
          [
            2.845976,
            -4.097268,
            4.307961,
            0.084514,
            6.007947
          ]
        ],
        "n": 362
      },
      "roc": {
        "mu": [
