{
  "teams": [
    "ARI",
    "ATH",
    "ATL",
    "BAL",
    "BOS",
    "CHC",
    "CIN",
    "CLE",
    "COL",
    "CWS",
    "DET",
    "HOU",
    "KCR",
    "LAA",
    "LAD",
    "MIA",
    "MIL",
    "MIN",
    "NYM",
    "NYY",
    "PHI",
    "PIT",
    "ROC",
    "SDP",
    "SEA",
    "SFG",
    "STL",
    "TBR",
    "TEX",
    "TOR",
    "WSH"
  ],
  "pitchTypes": [
    "CH",
    "CU",
    "EP",
    "FC",
    "FF",
    "FS",
    "SI",
    "SL",
    "ST",
    "SV"
  ],
  "generatedAt": "2026-04-06 17:19",
  "totalPitches": 41644,
  "totalPitchers": 415,
  "totalHitters": 399,
  "rocTeams": [
    "ROC"
  ],
  "leagueAverages": {
    "FF": {
      "velocity": 94.6,
      "spinRate": 2315.9,
      "indVertBrk": 16.19,
      "horzBrk": 3.37,
      "relPosZ": 5.66,
      "relPosX": -0.68,
      "extension": 6.51,
      "armAngle": 39.56,
      "effectiveVelo": 94.72,
      "vaa": -4.61,
      "haa": 0.49,
      "plateTime": 0.4,
      "strikePct": 0.6557,
      "izPct": 0.5238,
      "swStrRate": 0.1098,
      "swStrPct": 0.2244,
      "cswPct": 0.2812,
      "izWhiffPct": 0.1749,
      "chasePct": 0.2809,
      "gbPct": 0.3088,
      "fpsPct": 0.6079,
      "breakTiltMinutes": 24,
      "breakTilt": "12:24",
      "xBA": 0.2468,
      "xSLG": 0.4471,
      "xwOBA": 0.3538,
      "count": 383
    },
    "SI": {
      "velocity": 93.96,
      "spinRate": 2193.04,
      "indVertBrk": 7.48,
      "horzBrk": 5.69,
      "relPosZ": 5.52,
      "relPosX": -0.55,
      "extension": 6.41,
      "armAngle": 32.99,
      "effectiveVelo": 93.91,
      "vaa": -5.81,
      "haa": 0.04,
      "plateTime": 0.4,
      "strikePct": 0.6581,
      "izPct": 0.548,
      "swStrRate": 0.0666,
      "swStrPct": 0.1479,
      "cswPct": 0.2816,
      "izWhiffPct": 0.1015,
      "chasePct": 0.2443,
      "gbPct": 0.5355,
      "fpsPct": 0.6081,
      "breakTiltMinutes": 72,
      "breakTilt": "1:12",
      "xBA": 0.2809,
      "xSLG": 0.4058,
      "xwOBA": 0.3536,
      "count": 307
    },
    "SL": {
      "velocity": 86.24,
      "spinRate": 2435.02,
      "indVertBrk": 0.8,
      "horzBrk": -1.5,
      "relPosZ": 5.78,
      "relPosX": -0.68,
      "extension": 6.35,
      "armAngle": 40.71,
      "effectiveVelo": 86.39,
      "vaa": -7.81,
      "haa": 1.13,
      "plateTime": 0.44,
      "strikePct": 0.6297,
      "izPct": 0.4578,
      "swStrRate": 0.1748,
      "swStrPct": 0.365,
      "cswPct": 0.3306,
      "izWhiffPct": 0.2211,
      "chasePct": 0.3249,
      "gbPct": 0.4303,
      "fpsPct": 0.6237,
      "breakTiltMinutes": 613,
      "breakTilt": "10:13",
      "xBA": 0.211,
      "xSLG": 0.3483,
      "xwOBA": 0.2766,
      "count": 254
    },
    "FS": {
      "velocity": 86.75,
      "spinRate": 1394.16,
      "indVertBrk": 2.6,
      "horzBrk": 8.76,
      "relPosZ": 5.71,
      "relPosX": -1.19,
      "extension": 6.57,
      "armAngle": 39.1,
      "effectiveVelo": 87.07,
      "vaa": -7.79,
      "haa": 0.35,
      "plateTime": 0.44,
      "strikePct": 0.583,
      "izPct": 0.3699,
      "swStrRate": 0.1927,
      "swStrPct": 0.3805,
      "cswPct": 0.2608,
      "izWhiffPct": 0.2652,
      "chasePct": 0.3474,
      "gbPct": 0.5569,
      "fpsPct": 0.5712,
      "breakTiltMinutes": 137,
      "breakTilt": "2:17",
      "xBA": 0.1976,
      "xSLG": 0.2893,
      "xwOBA": 0.2414,
      "count": 81
    },
    "ST": {
      "velocity": 82.42,
      "spinRate": 2572.0,
      "indVertBrk": 1.3,
      "horzBrk": -4.63,
      "relPosZ": 5.43,
      "relPosX": -0.52,
      "extension": 6.32,
      "armAngle": 29.87,
      "effectiveVelo": 82.18,
      "vaa": -7.65,
      "haa": 1.23,
      "plateTime": 0.46,
      "strikePct": 0.5878,
      "izPct": 0.4361,
      "swStrRate": 0.1442,
      "swStrPct": 0.3227,
      "cswPct": 0.2999,
      "izWhiffPct": 0.2001,
      "chasePct": 0.2788,
      "gbPct": 0.3381,
      "fpsPct": 0.5611,
      "breakTiltMinutes": 569,
      "breakTilt": "9:29",
      "xBA": 0.1801,
      "xSLG": 0.2979,
      "xwOBA": 0.2491,
      "count": 196
    },
    "SV": {
      "velocity": 82.02,
      "spinRate": 2595.95,
      "indVertBrk": -6.42,
      "horzBrk": -9.91,
      "relPosZ": 5.71,
      "relPosX": -1.55,
      "extension": 6.35,
      "armAngle": 35.44,
      "effectiveVelo": 81.79,
      "vaa": -8.91,
      "haa": 2.93,
      "plateTime": 0.46,
      "strikePct": 0.5989,
      "izPct": 0.4258,
      "swStrRate": 0.1555,
      "swStrPct": 0.3652,
      "cswPct": 0.3233,
      "izWhiffPct": 0.1214,
      "chasePct": 0.3199,
      "gbPct": 0.4014,
      "fpsPct": 0.5898,
      "breakTiltMinutes": 467,
      "breakTilt": "7:47",
      "xBA": 0.1974,
      "xSLG": 0.3092,
      "xwOBA": 0.2503,
      "count": 28
    },
    "FC": {
      "velocity": 89.82,
      "spinRate": 2382.19,
      "indVertBrk": 8.52,
      "horzBrk": -0.92,
      "relPosZ": 5.68,
      "relPosX": -0.68,
      "extension": 6.39,
      "armAngle": 37.93,
      "effectiveVelo": 90.13,
      "vaa": -6.03,
      "haa": 1.05,
      "plateTime": 0.42,
      "strikePct": 0.6484,
      "izPct": 0.5268,
      "swStrRate": 0.1162,
      "swStrPct": 0.2424,
      "cswPct": 0.2882,
      "izWhiffPct": 0.1688,
      "chasePct": 0.2536,
      "gbPct": 0.3653,
      "fpsPct": 0.6047,
      "breakTiltMinutes": 706,
      "breakTilt": "11:46",
      "xBA": 0.2601,
      "xSLG": 0.4457,
      "xwOBA": 0.3531,
      "count": 172
    },
    "CH": {
      "velocity": 86.12,
      "spinRate": 1746.24,
      "indVertBrk": 3.93,
      "horzBrk": 3.89,
      "relPosZ": 5.59,
      "relPosX": -0.39,
      "extension": 6.44,
      "armAngle": 36.29,
      "effectiveVelo": 86.15,
      "vaa": -7.49,
      "haa": 0.03,
      "plateTime": 0.44,
      "strikePct": 0.5825,
      "izPct": 0.4032,
      "swStrRate": 0.1665,
      "swStrPct": 0.3436,
      "cswPct": 0.2608,
      "izWhiffPct": 0.2459,
      "chasePct": 0.3129,
      "gbPct": 0.5269,
      "fpsPct": 0.5479,
      "breakTiltMinutes": 102,
      "breakTilt": "1:42",
      "xBA": 0.2182,
      "xSLG": 0.3207,
      "xwOBA": 0.2647,
      "count": 250
    },
    "CU": {
      "velocity": 80.47,
      "spinRate": 2570.27,
      "indVertBrk": -11.75,
      "horzBrk": -4.35,
      "relPosZ": 5.95,
      "relPosX": -0.76,
      "extension": 6.38,
      "armAngle": 44.47,
      "effectiveVelo": 80.3,
      "vaa": -9.85,
      "haa": 1.38,
      "plateTime": 0.47,
      "strikePct": 0.5726,
      "izPct": 0.4193,
      "swStrRate": 0.1287,
      "swStrPct": 0.3134,
      "cswPct": 0.2979,
      "izWhiffPct": 0.1673,
      "chasePct": 0.2713,
      "gbPct": 0.4909,
      "fpsPct": 0.5252,
      "breakTiltMinutes": 394,
      "breakTilt": "6:34",
      "xBA": 0.2148,
      "xSLG": 0.3531,
      "xwOBA": 0.2819,
      "count": 182
    }
  },
  "pitcherLeagueAverages": {
    "strikePct": 0.6288,
    "izPct": 0.4841,
    "swStrRate": 0.1258,
    "swStrPct": 0.2696,
    "cswPct": 0.2887,
    "izWhiffPct": 0.1793,
    "chasePct": 0.2877,
    "gbPct": 0.4253,
    "kPct": 0.2384,
    "bbPct": 0.0966,
    "kbbPct": 0.1418,
    "babip": 0.2865,
    "fpsPct": 0.5936,
    "twoStrikeWhiffPct": 0.2627,
    "relPosZ": 5.6501,
    "relPosX": -0.6488,
    "extension": 6.4316,
    "armAngle": 37.549,
    "effectiveVelo": 89.6127,
    "vaa": -6.4697,
    "haa": 0.6462,
    "plateTime": 0.4229,
    "avgEVAgainst": 88.9495,
    "maxEVAgainst": 107.8283,
    "hardHitPct": 0.4014,
    "barrelPctAgainst": 0.0844,
    "ldPct": 0.2268,
    "fbPct": 0.2668,
    "puPct": 0.0779,
    "hrFbPct": 0.1138,
    "wOBA": 0.3129,
    "xBA": 0.2352,
    "xSLG": 0.3846,
    "xwOBA": 0.315,
    "xwOBAcon": 0.3676,
    "count": 415,
    "era": 4.04,
    "hr9": 1.0,
    "fip": 4.0,
    "xFIP": 4.03,
    "siera": 4.03
  },
  "hitterLeagueAverages": {
    "avg": 0.2332,
    "obp": 0.3141,
    "slg": 0.3769,
    "ops": 0.691,
    "iso": 0.1437,
    "babip": 0.2875,
    "kPct": 0.2378,
    "bbPct": 0.0964,
    "wOBA": 0.3137,
    "xBA": 0.2359,
    "xSLG": 0.3868,
    "xwOBA": 0.3157,
    "xwOBAcon": 0.3678,
    "xwOBAsp": 0.3673,
    "avgEVAll": 88.972,
    "medEV": 90.7719,
    "ev75": 104.0812,
    "maxEV": 106.5225,
    "medLA": 13.9704,
    "hardHitPct": 0.4019,
    "barrelPct": 0.085,
    "laSweetSpotPct": 0.3435,
    "sacqPct": 0.2586,
    "gbPct": 0.4276,
    "ldPct": 0.2273,
    "fbPct": 0.2674,
    "puPct": 0.0777,
    "hrFbPct": 0.1204,
    "pullPct": 0.4514,
    "middlePct": 0.2821,
    "oppoPct": 0.2666,
    "airPullPct": 0.189,
    "swingPct": 0.4673,
    "izSwingPct": 0.6533,
    "chasePct": 0.2916,
    "izSwChase": 0.3618,
    "contactPct": 0.7331,
    "izContactPct": 0.8235,
    "whiffPct": 0.2669,
    "batSpeed": 71.0498,
    "swingLength": 7.2948,
    "attackAngle": 9.969,
    "attackDirection": -1.6073,
    "swingPathTilt": 32.1481,
    "twoStrikeWhiffPct": 0.2676,
    "firstPitchSwingPct": 0.3045,
    "avgFbDist": 309.7894,
    "avgHrDist": 393.6351,
    "squaredUpPct": 0.6484,
    "sprintSpeed": 26.933,
    "count": 399
  },
  "vaaRegressions": {
    "CH": {
      "slope": 1.085623,
      "intercept": -9.454846,
      "leagueAvgPlateZ": 1.811578
    },
    "CU": {
      "slope": 0.972529,
      "intercept": -11.618991,
      "leagueAvgPlateZ": 1.822596
    },
    "EP": {
      "slope": 0.656059,
      "intercept": -18.066152,
      "leagueAvgPlateZ": 2.801905
    },
    "FC": {
      "slope": 1.109328,
      "intercept": -8.824772,
      "leagueAvgPlateZ": 2.516937
    },
    "FF": {
      "slope": 1.062602,
      "intercept": -7.670124,
      "leagueAvgPlateZ": 2.882055
    },
    "FS": {
      "slope": 1.065604,
      "intercept": -9.611643,
      "leagueAvgPlateZ": 1.709423
    },
    "SI": {
      "slope": 1.090936,
      "intercept": -8.464085,
      "leagueAvgPlateZ": 2.435213
    },
    "SL": {
      "slope": 1.073938,
      "intercept": -9.878152,
      "leagueAvgPlateZ": 1.922118
    },
    "ST": {
      "slope": 1.127512,
      "intercept": -9.916854,
      "leagueAvgPlateZ": 2.014007
    },
    "SV": {
      "slope": 1.085293,
      "intercept": -10.905843,
      "leagueAvgPlateZ": 1.836678
    }
  },
  "haaRegressions": {
    "CH": {
      "slope": 0.757391,
      "intercept": 0.069419,
      "leagueAvgPlateX": -0.051178
    },
    "CU": {
      "slope": 1.264436,
      "intercept": 1.304327,
      "leagueAvgPlateX": 0.056949
    },
    "EP": {
      "slope": 1.176195,
      "intercept": 1.168818,
      "leagueAvgPlateX": -0.089683
    },
    "FC": {
      "slope": 1.700345,
      "intercept": 0.817327,
      "leagueAvgPlateX": 0.138299
    },
    "FF": {
      "slope": 1.032548,
      "intercept": 0.490216,
      "leagueAvgPlateX": -0.002226
    },
    "FS": {
      "slope": 0.855303,
      "intercept": 0.53512,
      "leagueAvgPlateX": -0.21372
    },
    "SI": {
      "slope": 0.821429,
      "intercept": 0.098124,
      "leagueAvgPlateX": -0.069293
    },
    "SL": {
      "slope": 1.803913,
      "intercept": 0.838338,
      "leagueAvgPlateX": 0.16267
    },
    "ST": {
      "slope": 2.386143,
      "intercept": 0.836382,
      "leagueAvgPlateX": 0.163202
    },
    "SV": {
      "slope": 1.656319,
      "intercept": 2.674293,
      "leagueAvgPlateX": 0.155919
    }
  },
  "sacqZones": [
    {
      "spray": "center",
      "laMin": null,
      "laMax": 0,
      "laBin": 0,
      "woba": 0.234,
      "xwobacon": 0.187,
      "quality": false,
      "count": 443
    },
    {
      "spray": "center",
      "laMin": 0,
      "laMax": 5,
      "laBin": 1,
      "woba": 0.457,
      "xwobacon": 0.407,
      "quality": false,
      "count": 120
    },
    {
      "spray": "center",
      "laMin": 5,
      "laMax": 10,
      "laBin": 2,
      "woba": 0.496,
      "xwobacon": 0.508,
      "quality": false,
      "count": 141
    },
    {
      "spray": "center",
      "laMin": 10,
      "laMax": 15,
      "laBin": 3,
      "woba": 0.711,
      "xwobacon": 0.735,
      "quality": true,
      "count": 145
    },
    {
      "spray": "center",
      "laMin": 15,
      "laMax": 20,
      "laBin": 4,
      "woba": 0.582,
      "xwobacon": 0.658,
      "quality": true,
      "count": 180
    },
    {
      "spray": "center",
      "laMin": 20,
      "laMax": 25,
      "laBin": 5,
      "woba": 0.488,
      "xwobacon": 0.671,
      "quality": false,
      "count": 154
    },
    {
      "spray": "center",
      "laMin": 25,
      "laMax": 30,
      "laBin": 6,
      "woba": 0.37,
      "xwobacon": 0.731,
      "quality": false,
      "count": 163
    },
    {
      "spray": "center",
      "laMin": 30,
      "laMax": 35,
      "laBin": 7,
      "woba": 0.357,
      "xwobacon": 0.63,
      "quality": false,
      "count": 139
    },
    {
      "spray": "center",
      "laMin": 35,
      "laMax": 40,
      "laBin": 8,
      "woba": 0.149,
      "xwobacon": 0.34,
      "quality": false,
      "count": 102
    },
    {
      "spray": "center",
      "laMin": 40,
      "laMax": 50,
      "laBin": 9,
      "woba": 0.059,
      "xwobacon": 0.101,
      "quality": false,
      "count": 161
    },
    {
      "spray": "center",
      "laMin": 50,
      "laMax": null,
      "laBin": 10,
      "woba": 0.015,
      "xwobacon": 0.019,
      "quality": false,
      "count": 146
    },
    {
      "spray": "oppo",
      "laMin": null,
      "laMax": 0,
      "laBin": 0,
      "woba": 0.296,
      "xwobacon": 0.174,
      "quality": false,
      "count": 284
    },
    {
      "spray": "oppo",
      "laMin": 0,
      "laMax": 5,
      "laBin": 1,
      "woba": 0.471,
      "xwobacon": 0.365,
      "quality": false,
      "count": 84
    },
    {
      "spray": "oppo",
      "laMin": 5,
      "laMax": 10,
      "laBin": 2,
      "woba": 0.615,
      "xwobacon": 0.471,
      "quality": true,
      "count": 97
    },
    {
      "spray": "oppo",
      "laMin": 10,
      "laMax": 15,
      "laBin": 3,
      "woba": 0.774,
      "xwobacon": 0.7,
      "quality": true,
      "count": 114
    },
    {
      "spray": "oppo",
      "laMin": 15,
      "laMax": 20,
      "laBin": 4,
      "woba": 0.604,
      "xwobacon": 0.627,
      "quality": true,
      "count": 99
    },
    {
      "spray": "oppo",
      "laMin": 20,
      "laMax": 25,
      "laBin": 5,
      "woba": 0.528,
      "xwobacon": 0.584,
      "quality": true,
      "count": 141
    },
    {
      "spray": "oppo",
      "laMin": 25,
      "laMax": 30,
      "laBin": 6,
      "woba": 0.488,
      "xwobacon": 0.521,
      "quality": false,
      "count": 125
    },
    {
      "spray": "oppo",
      "laMin": 30,
      "laMax": 35,
      "laBin": 7,
      "woba": 0.347,
      "xwobacon": 0.399,
      "quality": false,
      "count": 133
    },
    {
      "spray": "oppo",
      "laMin": 35,
      "laMax": 40,
      "laBin": 8,
      "woba": 0.142,
      "xwobacon": 0.158,
      "quality": false,
      "count": 114
    },
    {
      "spray": "oppo",
      "laMin": 40,
      "laMax": 50,
      "laBin": 9,
      "woba": 0.084,
      "xwobacon": 0.063,
      "quality": false,
      "count": 205
    },
    {
      "spray": "oppo",
      "laMin": 50,
      "laMax": null,
      "laBin": 10,
      "woba": 0.049,
      "xwobacon": 0.017,
      "quality": false,
      "count": 396
    },
    {
      "spray": "pull",
      "laMin": null,
      "laMax": 0,
      "laBin": 0,
      "woba": 0.149,
      "xwobacon": 0.156,
      "quality": false,
      "count": 1279
    },
    {
      "spray": "pull",
      "laMin": 0,
      "laMax": 5,
      "laBin": 1,
      "woba": 0.307,
      "xwobacon": 0.378,
      "quality": false,
      "count": 268
    },
    {
      "spray": "pull",
      "laMin": 5,
      "laMax": 10,
      "laBin": 2,
      "woba": 0.436,
      "xwobacon": 0.52,
      "quality": false,
      "count": 259
    },
    {
      "spray": "pull",
      "laMin": 10,
      "laMax": 15,
      "laBin": 3,
      "woba": 0.788,
      "xwobacon": 0.764,
      "quality": true,
      "count": 225
    },
    {
      "spray": "pull",
      "laMin": 15,
      "laMax": 20,
      "laBin": 4,
      "woba": 0.79,
      "xwobacon": 0.695,
      "quality": true,
      "count": 194
    },
    {
      "spray": "pull",
      "laMin": 20,
      "laMax": 25,
      "laBin": 5,
      "woba": 0.943,
      "xwobacon": 0.82,
      "quality": true,
      "count": 187
    },
    {
      "spray": "pull",
      "laMin": 25,
      "laMax": 30,
      "laBin": 6,
      "woba": 1.11,
      "xwobacon": 0.949,
      "quality": true,
      "count": 146
    },
    {
      "spray": "pull",
      "laMin": 30,
      "laMax": 35,
      "laBin": 7,
      "woba": 0.939,
      "xwobacon": 0.692,
      "quality": true,
      "count": 118
    },
    {
      "spray": "pull",
      "laMin": 35,
      "laMax": 40,
      "laBin": 8,
      "woba": 0.614,
      "xwobacon": 0.488,
      "quality": true,
      "count": 90
    },
    {
      "spray": "pull",
      "laMin": 40,
      "laMax": 50,
      "laBin": 9,
      "woba": 0.236,
      "xwobacon": 0.148,
      "quality": false,
      "count": 107
    },
    {
      "spray": "pull",
      "laMin": 50,
      "laMax": null,
      "laBin": 10,
      "woba": 0.025,
      "xwobacon": 0.019,
      "quality": false,
      "count": 143
    }
  ],
  "mvnModels": {
    "ST": {
      "mlb": {
        "mu": [
          1.231254,
          -4.818036,
          29.800679,
          6.31563,
          82.480019
        ],
        "cov": [
          [
            18.643576,
            -7.882176,
            -14.089527,
            0.207414,
            -0.6497
          ],
          [
            -7.882176,
            183.603814,
            0.542085,
            -0.317343,
            -13.016168
          ],
          [
            -14.089527,
            0.542085,
            188.934321,
            0.38349,
            17.743038
          ],
          [
            0.207414,
            -0.317343,
            0.38349,
            0.230136,
            -0.01076
          ],
          [
            -0.6497,
            -13.016168,
            17.743038,
            -0.01076,
            10.932128
          ]
        ],
        "n": 3238
      },
      "roc": {
        "mu": [
          1.297323,
          -4.640618,
          5.429652,
          -0.515706,
          6.319961,
          82.417301
        ],
        "cov": [
          [
            18.640862,
            -8.299104,
            -0.611672,
            -1.735017,
            0.185368,
            -0.522352
          ],
          [
            -8.299104,
            185.969368,
            0.221704,
            28.254032,
            -0.384824,
            -13.696584
          ],
          [
            -0.611672,
            0.221704,
            0.302045,
            0.074717,
            -0.023359,
            0.511055
          ],
          [
            -1.735017,
            28.254032,
            0.074717,
            5.009438,
            -0.038808,
            -2.330234
          ],
          [
            0.185368,
            -0.384824,
            -0.023359,
            -0.038808,
            0.226013,
            -0.00647
          ],
          [
            -0.522352,
            -13.696584,
            0.511055,
            -2.330234,
            -0.00647,
            10.994437
          ]
        ],
        "n": 3624
      }
    },
    "CU": {
      "mlb": {
        "mu": [
          -11.733526,
          -4.449749,
          44.299652,
          6.39669,
          80.565701
        ],
        "cov": [
          [
            14.583682,
            -0.417132,
            -12.613961,
            0.138266,
            3.018243
          ],
          [
            -0.417132,
            70.283676,
            26.222483,
            -0.413876,
            -0.365741
          ],
          [
            -12.613961,
            26.222483,
            95.448883,
            0.175311,
            1.116936
          ],
          [
            0.138266,
            -0.413876,
            0.175311,
            0.173123,
            0.183973
          ],
          [
            3.018243,
            -0.365741,
            1.116936,
            0.183973,
            15.389519
          ]
        ],
        "n": 2589
      },
      "roc": {
        "mu": [
          -11.751768,
          -4.415534,
          5.94724,
          -0.776931,
          6.383977,
          80.453603
        ],
        "cov": [
          [
            14.608237,
            -1.19213,
            -0.408838,
            0.131823,
            0.09638,
            3.735193
          ],
          [
            -1.19213,
            70.713771,
            0.80143,
            10.624235,
            -0.457137,
            -1.138354
          ],
          [
            -0.408838,
            0.80143,
            0.148538,
            0.093993,
            -0.043849,
            -0.221694
          ],
          [
            0.131823,
            10.624235,
            0.093993,
            2.531115,
            -0.090697,
            -0.860208
          ],
          [
            0.09638,
            -0.457137,
            -0.043849,
            -0.090697,
            0.168868,
            0.177313
          ],
          [
            3.735193,
            -1.138354,
            -0.221694,
            -0.860208,
            0.177313,
            16.012756
          ]
        ],
        "n": 2942
      }
    },
    "SV": {
      "mlb": {
        "mu": [
          -6.42486,
          -10.376262,
          35.021682,
          6.345252,
          82.20486
        ],
        "cov": [
          [
            8.071871,
            1.280722,
            -4.484254,
            0.119505,
            0.09072
          ],
          [
            1.280722,
            74.749679,
            5.77175,
            -0.679514,
            6.258424
          ],
          [
            -4.484254,
            5.77175,
            72.218555,
            0.281455,
            7.999464
          ],
          [
            0.119505,
            -0.679514,
            0.281455,
            0.206589,
            -0.110571
          ],
          [
            0.09072,
            6.258424,
            7.999464,
            -0.110571,
            14.657542
          ]
        ],
        "n": 535
      },
      "roc": {
        "mu": [
          -6.416106,
          -9.912566,
          5.709381,
          -1.552602,
          6.34646,
          82.020177
        ],
        "cov": [
          [
            8.129545,
            1.772652,
            -0.121476,
            0.185878,
            0.115877,
            0.130006
          ],
          [
            1.772652,
            85.22259,
            0.387086,
            9.513999,
            -0.572952,
            4.619421
          ],
          [
            -0.121476,
            0.387086,
            0.089443,
            0.034356,
            -0.012248,
            0.225005
          ],
          [
            0.185878,
            9.513999,
            0.034356,
            1.621437,
            0.032227,
            0.319411
          ],
          [
            0.115877,
            -0.572952,
            -0.012248,
            0.032227,
            0.198637,
            -0.110388
          ],
          [
            0.130006,
            4.619421,
            0.225005,
            0.319411,
            -0.110388,
            14.645975
          ]
        ],
        "n": 565
      }
    },
    "FF": {
      "mlb": {
        "mu": [
          16.191923,
          3.535183,
          39.390893,
          6.512443,
          94.664501
        ],
        "cov": [
          [
            7.607442,
            -1.676801,
            18.81205,
            0.145141,
            0.320518
          ],
          [
            -1.676801,
            65.307026,
            -20.296678,
            0.084126,
            4.143106
          ],
          [
            18.81205,
            -20.296678,
            139.572414,
            0.552629,
            3.252556
          ],
          [
            0.145141,
            0.084126,
            0.552629,
            0.183089,
            0.028849
          ],
          [
            0.320518,
            4.143106,
            3.252556,
            0.028849,
            5.920875
          ]
        ],
        "n": 11068
      },
      "roc": {
        "mu": [
          16.20118,
          3.381177,
          5.656948,
          -0.681873,
          6.508165,
          94.601893
        ],
        "cov": [
          [
            7.639947,
            -1.589309,
            0.482489,
            0.320482,
            0.140305,
            0.403958
          ],
          [
            -1.589309,
            65.983462,
            -0.528776,
            -11.662019,
            0.093403,
            4.901284
          ],
          [
            0.482489,
            -0.528776,
            0.169391,
            0.086139,
            -0.013227,
            0.117252
          ],
          [
            0.320482,
            -11.662019,
            0.086139,
            2.763868,
            -0.042689,
            -1.115844
          ],
          [
            0.140305,
            0.093403,
            -0.013227,
            -0.042689,
            0.180694,
            0.029526
          ],
          [
            0.403958,
            4.901284,
            0.117252,
            -1.115844,
            0.029526,
            6.109467
          ]
        ],
        "n": 12628
      }
    },
    "CH": {
      "mlb": {
        "mu": [
          3.991477,
          3.859158,
          36.211885,
          6.448383,
          86.1563
        ],
        "cov": [
          [
            26.45638,
            -2.667158,
            31.867827,
            0.172692,
            -2.082319
          ],
          [
            -2.667158,
            209.851773,
            -23.486896,
            0.267006,
            14.185474
          ],
          [
            31.867827,
            -23.486896,
            128.005548,
            0.068195,
            -1.003997
          ],
          [
            0.172692,
            0.267006,
            0.068195,
            0.170868,
            -0.125974
          ],
          [
            -2.082319,
            14.185474,
            -1.003997,
            -0.125974,
            10.946062
          ]
        ],
        "n": 3778
      },
      "roc": {
        "mu": [
          3.920565,
          3.936443,
          5.592384,
          -0.387076,
          6.440899,
          86.120341
        ],
        "cov": [
          [
            26.214178,
            -1.282212,
            0.985411,
            0.260911,
            0.143479,
            -1.96809
          ],
          [
            -1.282212,
            209.276821,
            -0.710225,
            -24.13321,
            0.408043,
            15.649597
          ],
          [
            0.985411,
            -0.710225,
            0.17491,
            0.084683,
            -0.016068,
            -0.022374
          ],
          [
            0.260911,
            -24.13321,
            0.084683,
            3.388723,
            -0.037559,
            -2.142777
          ],
          [
            0.143479,
            0.408043,
            -0.016068,
            -0.037559,
            0.165862,
            -0.083511
          ],
          [
            -1.96809,
            15.649597,
            -0.022374,
            -2.142777,
            -0.083511,
            11.837404
          ]
        ],
        "n": 4459
      }
    },
    "SI": {
      "mlb": {
        "mu": [
          7.513863,
          5.615617,
          32.845548,
          6.416612,
          94.008662
        ],
        "cov": [
          [
            23.187916,
            1.780368,
            50.852153,
            0.344859,
            3.952634
          ],
          [
            1.780368,
            223.779634,
            -1.568414,
            0.333273,
            8.97599
          ],
          [
            50.852153,
            -1.568414,
            222.155675,
            0.200297,
            17.538428
          ],
          [
            0.344859,
            0.333273,
            0.200297,
            0.213763,
            -0.066876
          ],
          [
            3.952634,
            8.97599,
            17.538428,
            -0.066876,
            7.445094
          ]
        ],
        "n": 6211
      },
      "roc": {
        "mu": [
          7.481541,
          5.711643,
          5.518685,
          -0.55183,
          6.411723,
          93.957554
        ],
        "cov": [
          [
            23.015605,
            1.765395,
            1.634161,
            0.171387,
            0.317966,
            3.844786
          ],
          [
            1.765395,
            222.259445,
            -0.36238,
            -24.763278,
            0.392999,
            9.789662
          ],
          [
            1.634161,
            -0.36238,
            0.331448,
            0.090091,
            -0.017793,
            0.67117
          ],
          [
            0.171387,
            -24.763278,
            0.090091,
            3.329452,
            -0.006548,
            -1.14294
          ],
          [
            0.317966,
            0.392999,
            -0.017793,
            -0.006548,
            0.213102,
            -0.064362
          ],
          [
            3.844786,
            9.789662,
            0.67117,
            -1.14294,
            -0.064362,
            7.513707
          ]
        ],
        "n": 6983
      }
    },
    "FC": {
      "mlb": {
        "mu": [
          8.593706,
          -1.031136,
          37.687449,
          6.411579,
          89.968901
        ],
        "cov": [
          [
            9.603928,
            -0.211929,
            5.006154,
            0.003555,
            2.646108
          ],
          [
            -0.211929,
            10.933881,
            -6.313632,
            -0.084315,
            0.315097
          ],
          [
            5.006154,
            -6.313632,
            116.988907,
            -0.28713,
            5.065861
          ],
          [
            0.003555,
            -0.084315,
            -0.28713,
            0.185137,
            0.047604
          ],
          [
            2.646108,
            0.315097,
            5.065861,
            0.047604,
            8.973433
          ]
        ],
        "n": 2685
      },
      "roc": {
        "mu": [
          8.52651,
          -0.924158,
          5.678627,
          -0.683592,
          6.3885,
          89.818754
        ],
        "cov": [
          [
            9.413122,
            -0.015894,
            0.102078,
            0.006594,
            0.02768,
            2.457662
          ],
          [
            -0.015894,
            11.208217,
            -0.182047,
            2.428141,
            -0.082235,
            0.171086
          ],
          [
            0.102078,
            -0.182047,
            0.174177,
            0.082866,
            -0.036634,
            0.069929
          ],
          [
            0.006594,
            2.428141,
            0.082866,
            3.057555,
            -0.031333,
            -0.943399
          ],
          [
            0.02768,
            -0.082235,
            -0.036634,
            -0.031333,
            0.177142,
            0.095109
          ],
          [
            2.457662,
            0.171086,
            0.069929,
            -0.943399,
            0.095109,
            8.552379
          ]
        ],
        "n": 3146
      }
    },
    "SL": {
      "mlb": {
        "mu": [
          0.821879,
          -1.562251,
          40.768917,
          6.362226,
          86.280427
        ],
        "cov": [
          [
            15.290861,
            1.299809,
            0.305508,
            0.137275,
            2.229611
          ],
          [
            1.299809,
            20.549208,
            -1.270962,
            -0.130712,
            -2.650628
          ],
          [
            0.305508,
            -1.270962,
            109.428945,
            0.474974,
            3.716994
          ],
          [
            0.137275,
            -0.130712,
            0.474974,
            0.196252,
            0.009994
          ],
          [
            2.229611,
            -2.650628,
            3.716994,
            0.009994,
            7.344283
          ]
        ],
        "n": 4726
      },
      "roc": {
        "mu": [
          0.811715,
          -1.496452,
          5.776572,
          -0.682555,
          6.356159,
          86.252421
        ],
        "cov": [
          [
            15.374732,
            1.097007,
            -0.047906,
            0.288112,
            0.137484,
            2.178419
          ],
          [
            1.097007,
            21.686552,
            -0.102455,
            5.202514,
            -0.132701,
            -3.155338
          ],
          [
            -0.047906,
            -0.102455,
            0.156119,
            0.059476,
            -0.014267,
            0.02186
          ],
          [
            0.288112,
            5.202514,
            0.059476,
            2.707036,
            -0.040132,
            -1.235146
          ],
          [
            0.137484,
            -0.132701,
            -0.014267,
            -0.040132,
            0.197089,
            0.048273
          ],
          [
            2.178419,
            -3.155338,
            0.02186,
            -1.235146,
            0.048273,
            7.697564
          ]
        ],
        "n": 5412
      }
    },
    "FS": {
      "mlb": {
        "mu": [
          2.507266,
          9.374317,
          38.455683,
          6.581741,
          86.916547
        ],
        "cov": [
          [
            18.142172,
            4.228984,
            14.192547,
            -0.13345,
            1.210751
          ],
          [
            4.228984,
            70.742976,
            2.766305,
            0.566782,
            8.017675
          ],
          [
            14.192547,
            2.766305,
            90.513672,
            0.340269,
            -3.983715
          ],
          [
            -0.13345,
            0.566782,
            0.340269,
            0.138258,
            -0.097708
          ],
          [
            1.210751,
            8.017675,
            -3.983715,
            -0.097708,
            11.255378
          ]
        ],
        "n": 1390
      },
      "roc": {
        "mu": [
          2.586054,
          8.780863,
          5.699031,
          -1.202902,
          6.571951,
          86.728956
        ],
        "cov": [
          [
            19.353817,
            2.932167,
            0.089813,
            0.311175,
            -0.200971,
            1.129209
          ],
          [
            2.932167,
            73.660247,
            -0.115818,
            -9.048245,
            0.528403,
            9.131393
          ],
          [
            0.089813,
            -0.115818,
            0.106047,
            -0.00607,
            -0.00922,
            -0.136762
          ],
          [
            0.311175,
            -9.048245,
            -0.00607,
            1.750813,
            -0.115162,
            -0.918032
          ],
          [
            -0.200971,
            0.528403,
            -0.00922,
            -0.115162,
            0.14425,
            -0.096113
          ],
          [
            1.129209,
            9.131393,
            -0.136762,
            -0.918032,
            -0.096113,
            10.873948
          ]
        ],
        "n": 1599
      }
    }
  }
}