{
  "teams": [
    "ARI",
    "ATH",
    "ATL",
    "BAL",
    "BOS",
    "CHC",
    "CIN",
    "CLE",
    "COL",
    "CWS",
    "DET",
    "HOU",
    "KCR",
    "LAA",
    "LAD",
    "MIA",
    "MIL",
    "MIN",
    "NYM",
    "NYY",
    "PHI",
    "PIT",
    "ROC",
    "SDP",
    "SEA",
    "SFG",
    "STL",
    "TBR",
    "TEX",
    "TOR",
    "WSH"
  ],
  "pitchTypes": [
    "CH",
    "CU",
    "EP",
    "FC",
    "FF",
    "FS",
    "SI",
    "SL",
    "ST",
    "SV"
  ],
  "generatedAt": "2026-04-08 17:16",
  "totalPitches": 51040,
  "totalPitchers": 427,
  "totalHitters": 408,
  "rocTeams": [
    "ROC"
  ],
  "leagueAverages": {
    "FF": {
      "velocity": 94.58,
      "spinRate": 2312.05,
      "indVertBrk": 16.3,
      "horzBrk": 3.44,
      "relPosZ": 5.66,
      "relPosX": -0.7,
      "extension": 6.51,
      "armAngle": 39.75,
      "vaa": -4.62,
      "haa": 0.5,
      "strikePct": 0.6544,
      "izPct": 0.5246,
      "swStrRate": 0.1087,
      "swStrPct": 0.2242,
      "cswPct": 0.2836,
      "izWhiffPct": 0.1758,
      "chasePct": 0.2785,
      "gbPct": 0.3112,
      "fpsPct": 0.6055,
      "breakTiltMinutes": 24,
      "breakTilt": "12:24",
      "xBA": 0.2407,
      "xSLG": 0.436,
      "xwOBA": 0.3527,
      "count": 393
    },
    "SI": {
      "velocity": 93.96,
      "spinRate": 2187.1,
      "indVertBrk": 7.59,
      "horzBrk": 5.75,
      "relPosZ": 5.53,
      "relPosX": -0.55,
      "extension": 6.42,
      "armAngle": 33.1,
      "vaa": -5.81,
      "haa": 0.04,
      "strikePct": 0.6603,
      "izPct": 0.5508,
      "swStrRate": 0.0645,
      "swStrPct": 0.143,
      "cswPct": 0.2771,
      "izWhiffPct": 0.0998,
      "chasePct": 0.2443,
      "gbPct": 0.5446,
      "fpsPct": 0.6062,
      "breakTiltMinutes": 71,
      "breakTilt": "1:11",
      "xBA": 0.2723,
      "xSLG": 0.3994,
      "xwOBA": 0.3529,
      "count": 315
    },
    "FS": {
      "velocity": 86.75,
      "spinRate": 1406.24,
      "indVertBrk": 2.5,
      "horzBrk": 7.9,
      "relPosZ": 5.68,
      "relPosX": -1.08,
      "extension": 6.61,
      "armAngle": 39.31,
      "vaa": -7.77,
      "haa": 0.36,
      "strikePct": 0.5866,
      "izPct": 0.3764,
      "swStrRate": 0.1813,
      "swStrPct": 0.3621,
      "cswPct": 0.2601,
      "izWhiffPct": 0.2513,
      "chasePct": 0.3486,
      "gbPct": 0.5457,
      "fpsPct": 0.5645,
      "breakTiltMinutes": 132,
      "breakTilt": "2:12",
      "xBA": 0.194,
      "xSLG": 0.2833,
      "xwOBA": 0.2353,
      "count": 93
    },
    "ST": {
      "velocity": 82.32,
      "spinRate": 2568.78,
      "indVertBrk": 1.22,
      "horzBrk": -4.76,
      "relPosZ": 5.43,
      "relPosX": -0.54,
      "extension": 6.33,
      "armAngle": 29.92,
      "vaa": -7.65,
      "haa": 1.27,
      "strikePct": 0.5915,
      "izPct": 0.4425,
      "swStrRate": 0.1441,
      "swStrPct": 0.322,
      "cswPct": 0.3022,
      "izWhiffPct": 0.205,
      "chasePct": 0.2744,
      "gbPct": 0.3196,
      "fpsPct": 0.5682,
      "breakTiltMinutes": 570,
      "breakTilt": "9:30",
      "xBA": 0.1759,
      "xSLG": 0.2912,
      "xwOBA": 0.252,
      "count": 202
    },
    "SL": {
      "velocity": 86.25,
      "spinRate": 2427.18,
      "indVertBrk": 1.0,
      "horzBrk": -1.47,
      "relPosZ": 5.78,
      "relPosX": -0.66,
      "extension": 6.36,
      "armAngle": 41.01,
      "vaa": -7.78,
      "haa": 1.09,
      "strikePct": 0.6289,
      "izPct": 0.4611,
      "swStrRate": 0.1695,
      "swStrPct": 0.3544,
      "cswPct": 0.3262,
      "izWhiffPct": 0.212,
      "chasePct": 0.3209,
      "gbPct": 0.4274,
      "fpsPct": 0.6097,
      "breakTiltMinutes": 616,
      "breakTilt": "10:16",
      "xBA": 0.212,
      "xSLG": 0.3522,
      "xwOBA": 0.2827,
      "count": 264
    },
    "FC": {
      "velocity": 89.79,
      "spinRate": 2380.35,
      "indVertBrk": 8.68,
      "horzBrk": -1.1,
      "relPosZ": 5.67,
      "relPosX": -0.71,
      "extension": 6.41,
      "armAngle": 37.68,
      "vaa": -6.01,
      "haa": 1.09,
      "strikePct": 0.6494,
      "izPct": 0.5318,
      "swStrRate": 0.115,
      "swStrPct": 0.2431,
      "cswPct": 0.2915,
      "izWhiffPct": 0.1761,
      "chasePct": 0.2462,
      "gbPct": 0.377,
      "fpsPct": 0.6128,
      "breakTiltMinutes": 704,
      "breakTilt": "11:44",
      "xBA": 0.2553,
      "xSLG": 0.4423,
      "xwOBA": 0.3557,
      "count": 178
    },
    "CH": {
      "velocity": 86.01,
      "spinRate": 1760.93,
      "indVertBrk": 4.14,
      "horzBrk": 4.24,
      "relPosZ": 5.61,
      "relPosX": -0.44,
      "extension": 6.44,
      "armAngle": 36.4,
      "vaa": -7.51,
      "haa": 0.04,
      "strikePct": 0.5802,
      "izPct": 0.3978,
      "swStrRate": 0.1676,
      "swStrPct": 0.348,
      "cswPct": 0.2627,
      "izWhiffPct": 0.2517,
      "chasePct": 0.3181,
      "gbPct": 0.5221,
      "fpsPct": 0.5514,
      "breakTiltMinutes": 105,
      "breakTilt": "1:45",
      "xBA": 0.2185,
      "xSLG": 0.3154,
      "xwOBA": 0.2675,
      "count": 250
    },
    "SV": {
      "velocity": 82.11,
      "spinRate": 2580.18,
      "indVertBrk": -6.58,
      "horzBrk": -10.57,
      "relPosZ": 5.76,
      "relPosX": -1.6,
      "extension": 6.39,
      "armAngle": 37.29,
      "vaa": -8.97,
      "haa": 3.08,
      "strikePct": 0.5968,
      "izPct": 0.4299,
      "swStrRate": 0.1482,
      "swStrPct": 0.3422,
      "cswPct": 0.3124,
      "izWhiffPct": 0.132,
      "chasePct": 0.3104,
      "gbPct": 0.414,
      "fpsPct": 0.5634,
      "breakTiltMinutes": 472,
      "breakTilt": "7:52",
      "xBA": 0.1914,
      "xSLG": 0.3205,
      "xwOBA": 0.3043,
      "count": 30
    },
    "CU": {
      "velocity": 80.42,
      "spinRate": 2549.21,
      "indVertBrk": -11.88,
      "horzBrk": -4.17,
      "relPosZ": 5.95,
      "relPosX": -0.71,
      "extension": 6.4,
      "armAngle": 44.76,
      "vaa": -9.89,
      "haa": 1.29,
      "strikePct": 0.5696,
      "izPct": 0.4201,
      "swStrRate": 0.1277,
      "swStrPct": 0.3207,
      "cswPct": 0.3,
      "izWhiffPct": 0.1672,
      "chasePct": 0.2698,
      "gbPct": 0.5082,
      "fpsPct": 0.5248,
      "breakTiltMinutes": 391,
      "breakTilt": "6:31",
      "xBA": 0.2123,
      "xSLG": 0.3444,
      "xwOBA": 0.2819,
      "count": 187
    }
  },
  "pitcherLeagueAverages": {
    "strikePct": 0.6286,
    "izPct": 0.4855,
    "swStrRate": 0.1241,
    "swStrPct": 0.2674,
    "cswPct": 0.2887,
    "izWhiffPct": 0.1786,
    "chasePct": 0.2863,
    "gbPct": 0.4262,
    "kPct": 0.2359,
    "bbPct": 0.0966,
    "kbbPct": 0.1393,
    "babip": 0.2867,
    "fpsPct": 0.5925,
    "twoStrikeWhiffPct": 0.2614,
    "relPosZ": 5.6526,
    "relPosX": -0.6592,
    "extension": 6.4391,
    "armAngle": 37.7581,
    "vaa": -6.4744,
    "haa": 0.6525,
    "avgEVAgainst": 88.936,
    "maxEVAgainst": 108.3539,
    "hardHitPct": 0.4017,
    "barrelPctAgainst": 0.0849,
    "ldPct": 0.2252,
    "fbPct": 0.2692,
    "puPct": 0.0766,
    "hrFbPct": 0.108,
    "wOBA": 0.3125,
    "xBA": 0.2308,
    "xSLG": 0.3785,
    "xwOBA": 0.3159,
    "xwOBAcon": 0.3678,
    "count": 427,
    "era": 3.95,
    "hr9": 0.95,
    "fip": 3.92,
    "xFIP": 3.94,
    "siera": 3.95
  },
  "hitterLeagueAverages": {
    "wOBA": 0.3131,
    "xBA": 0.2311,
    "xSLG": 0.3798,
    "xwOBA": 0.3165,
    "xwOBAcon": 0.3669,
    "xwOBAsp": 0.3654,
    "avgEVAll": 88.9569,
    "ev50": 99.7606,
    "maxEV": 106.9669,
    "hardHitPct": 0.4021,
    "barrelPct": 0.0853,
    "sacqPct": 0.2803,
    "gbPct": 0.4284,
    "ldPct": 0.2257,
    "fbPct": 0.2694,
    "puPct": 0.0765,
    "hrFbPct": 0.1138,
    "pullPct": 0.4479,
    "middlePct": 0.2844,
    "oppoPct": 0.2676,
    "airPullPct": 0.1868,
    "swingPct": 0.4652,
    "izSwingPct": 0.65,
    "chasePct": 0.2894,
    "izSwChase": 0.3606,
    "contactPct": 0.7353,
    "izContactPct": 0.8241,
    "whiffPct": 0.2647,
    "batSpeed": 70.9982,
    "swingLength": 7.2911,
    "attackAngle": 9.8811,
    "attackDirection": -1.5891,
    "swingPathTilt": 32.0938,
    "twoStrikeWhiffPct": 0.2642,
    "firstPitchSwingPct": 0.3025,
    "avgFbDist": 309.8666,
    "avgHrDist": 393.255,
    "sprintSpeed": 26.7345,
    "runValue": -0.0545,
    "count": 408
  },
  "vaaRegressions": {
    "CH": {
      "slope": 1.08612,
      "intercept": -9.475351,
      "leagueAvgPlateZ": 1.811284
    },
    "CU": {
      "slope": 0.973843,
      "intercept": -11.654142,
      "leagueAvgPlateZ": 1.816286
    },
    "EP": {
      "slope": 0.938882,
      "intercept": -17.359429,
      "leagueAvgPlateZ": 2.878557
    },
    "FC": {
      "slope": 1.095378,
      "intercept": -8.777221,
      "leagueAvgPlateZ": 2.530449
    },
    "FF": {
      "slope": 1.067683,
      "intercept": -7.683956,
      "leagueAvgPlateZ": 2.873749
    },
    "FS": {
      "slope": 1.077054,
      "intercept": -9.615258,
      "leagueAvgPlateZ": 1.712036
    },
    "SI": {
      "slope": 1.092232,
      "intercept": -8.470188,
      "leagueAvgPlateZ": 2.431987
    },
    "SL": {
      "slope": 1.077441,
      "intercept": -9.870748,
      "leagueAvgPlateZ": 1.939715
    },
    "ST": {
      "slope": 1.12111,
      "intercept": -9.924089,
      "leagueAvgPlateZ": 2.026366
    },
    "SV": {
      "slope": 1.095134,
      "intercept": -10.992216,
      "leagueAvgPlateZ": 1.843498
    }
  },
  "haaRegressions": {
    "CH": {
      "slope": 0.756543,
      "intercept": 0.089632,
      "leagueAvgPlateX": -0.060974
    },
    "CU": {
      "slope": 1.273003,
      "intercept": 1.226601,
      "leagueAvgPlateX": 0.048252
    },
    "EP": {
      "slope": 0.995547,
      "intercept": 1.10409,
      "leagueAvgPlateX": 0.015567
    },
    "FC": {
      "slope": 1.702395,
      "intercept": 0.859978,
      "leagueAvgPlateX": 0.134015
    },
    "FF": {
      "slope": 1.032282,
      "intercept": 0.508653,
      "leagueAvgPlateX": -0.004337
    },
    "FS": {
      "slope": 0.847068,
      "intercept": 0.495318,
      "leagueAvgPlateX": -0.162004
    },
    "SI": {
      "slope": 0.825029,
      "intercept": 0.096407,
      "leagueAvgPlateX": -0.07112
    },
    "SL": {
      "slope": 1.831163,
      "intercept": 0.805743,
      "leagueAvgPlateX": 0.154833
    },
    "ST": {
      "slope": 2.364894,
      "intercept": 0.87326,
      "leagueAvgPlateX": 0.167931
    },
    "SV": {
      "slope": 1.590086,
      "intercept": 2.782794,
      "leagueAvgPlateX": 0.18781
    }
  },
  "sacqZones": [
    {
      "spray": "center",
      "laMin": null,
      "laMax": 0,
      "laBin": 0,
      "woba": 0.238,
      "xwobacon": 0.186,
      "quality": false,
      "count": 553
    },
    {
      "spray": "center",
      "laMin": 0,
      "laMax": 5,
      "laBin": 1,
      "woba": 0.456,
      "xwobacon": 0.399,
      "quality": false,
      "count": 142
    },
    {
      "spray": "center",
      "laMin": 5,
      "laMax": 10,
      "laBin": 2,
      "woba": 0.52,
      "xwobacon": 0.509,
      "quality": true,
      "count": 175
    },
    {
      "spray": "center",
      "laMin": 10,
      "laMax": 15,
      "laBin": 3,
      "woba": 0.709,
      "xwobacon": 0.723,
      "quality": true,
      "count": 173
    },
    {
      "spray": "center",
      "laMin": 15,
      "laMax": 20,
      "laBin": 4,
      "woba": 0.584,
      "xwobacon": 0.664,
      "quality": true,
      "count": 230
    },
    {
      "spray": "center",
      "laMin": 20,
      "laMax": 25,
      "laBin": 5,
      "woba": 0.44,
      "xwobacon": 0.663,
      "quality": false,
      "count": 197
    },
    {
      "spray": "center",
      "laMin": 25,
      "laMax": 30,
      "laBin": 6,
      "woba": 0.398,
      "xwobacon": 0.762,
      "quality": false,
      "count": 196
    },
    {
      "spray": "center",
      "laMin": 30,
      "laMax": 35,
      "laBin": 7,
      "woba": 0.299,
      "xwobacon": 0.577,
      "quality": false,
      "count": 183
    },
    {
      "spray": "center",
      "laMin": 35,
      "laMax": 40,
      "laBin": 8,
      "woba": 0.135,
      "xwobacon": 0.359,
      "quality": false,
      "count": 132
    },
    {
      "spray": "center",
      "laMin": 40,
      "laMax": 50,
      "laBin": 9,
      "woba": 0.064,
      "xwobacon": 0.094,
      "quality": false,
      "count": 198
    },
    {
      "spray": "center",
      "laMin": 50,
      "laMax": null,
      "laBin": 10,
      "woba": 0.012,
      "xwobacon": 0.02,
      "quality": false,
      "count": 176
    },
    {
      "spray": "oppo",
      "laMin": null,
      "laMax": 0,
      "laBin": 0,
      "woba": 0.294,
      "xwobacon": 0.175,
      "quality": false,
      "count": 360
    },
    {
      "spray": "oppo",
      "laMin": 0,
      "laMax": 5,
      "laBin": 1,
      "woba": 0.432,
      "xwobacon": 0.358,
      "quality": false,
      "count": 108
    },
    {
      "spray": "oppo",
      "laMin": 5,
      "laMax": 10,
      "laBin": 2,
      "woba": 0.613,
      "xwobacon": 0.468,
      "quality": true,
      "count": 119
    },
    {
      "spray": "oppo",
      "laMin": 10,
      "laMax": 15,
      "laBin": 3,
      "woba": 0.785,
      "xwobacon": 0.703,
      "quality": true,
      "count": 135
    },
    {
      "spray": "oppo",
      "laMin": 15,
      "laMax": 20,
      "laBin": 4,
      "woba": 0.623,
      "xwobacon": 0.636,
      "quality": true,
      "count": 124
    },
    {
      "spray": "oppo",
      "laMin": 20,
      "laMax": 25,
      "laBin": 5,
      "woba": 0.538,
      "xwobacon": 0.584,
      "quality": true,
      "count": 167
    },
    {
      "spray": "oppo",
      "laMin": 25,
      "laMax": 30,
      "laBin": 6,
      "woba": 0.468,
      "xwobacon": 0.551,
      "quality": false,
      "count": 157
    },
    {
      "spray": "oppo",
      "laMin": 30,
      "laMax": 35,
      "laBin": 7,
      "woba": 0.342,
      "xwobacon": 0.388,
      "quality": false,
      "count": 171
    },
    {
      "spray": "oppo",
      "laMin": 35,
      "laMax": 40,
      "laBin": 8,
      "woba": 0.15,
      "xwobacon": 0.16,
      "quality": false,
      "count": 139
    },
    {
      "spray": "oppo",
      "laMin": 40,
      "laMax": 50,
      "laBin": 9,
      "woba": 0.074,
      "xwobacon": 0.064,
      "quality": false,
      "count": 253
    },
    {
      "spray": "oppo",
      "laMin": 50,
      "laMax": null,
      "laBin": 10,
      "woba": 0.043,
      "xwobacon": 0.017,
      "quality": false,
      "count": 484
    },
    {
      "spray": "pull",
      "laMin": null,
      "laMax": 0,
      "laBin": 0,
      "woba": 0.149,
      "xwobacon": 0.156,
      "quality": false,
      "count": 1575
    },
    {
      "spray": "pull",
      "laMin": 0,
      "laMax": 5,
      "laBin": 1,
      "woba": 0.304,
      "xwobacon": 0.377,
      "quality": false,
      "count": 326
    },
    {
      "spray": "pull",
      "laMin": 5,
      "laMax": 10,
      "laBin": 2,
      "woba": 0.433,
      "xwobacon": 0.515,
      "quality": false,
      "count": 302
    },
    {
      "spray": "pull",
      "laMin": 10,
      "laMax": 15,
      "laBin": 3,
      "woba": 0.773,
      "xwobacon": 0.759,
      "quality": true,
      "count": 282
    },
    {
      "spray": "pull",
      "laMin": 15,
      "laMax": 20,
      "laBin": 4,
      "woba": 0.806,
      "xwobacon": 0.699,
      "quality": true,
      "count": 242
    },
    {
      "spray": "pull",
      "laMin": 20,
      "laMax": 25,
      "laBin": 5,
      "woba": 0.97,
      "xwobacon": 0.836,
      "quality": true,
      "count": 231
    },
    {
      "spray": "pull",
      "laMin": 25,
      "laMax": 30,
      "laBin": 6,
      "woba": 1.074,
      "xwobacon": 0.926,
      "quality": true,
      "count": 189
    },
    {
      "spray": "pull",
      "laMin": 30,
      "laMax": 35,
      "laBin": 7,
      "woba": 0.913,
      "xwobacon": 0.669,
      "quality": true,
      "count": 143
    },
    {
      "spray": "pull",
      "laMin": 35,
      "laMax": 40,
      "laBin": 8,
      "woba": 0.617,
      "xwobacon": 0.484,
      "quality": true,
      "count": 108
    },
    {
      "spray": "pull",
      "laMin": 40,
      "laMax": 50,
      "laBin": 9,
      "woba": 0.206,
      "xwobacon": 0.14,
      "quality": false,
      "count": 130
    },
    {
      "spray": "pull",
      "laMin": 50,
      "laMax": null,
      "laBin": 10,
      "woba": 0.028,
      "xwobacon": 0.018,
      "quality": false,
      "count": 164
    }
  ],
  "mvnModels": {
    "CH_L": {
      "mlb": {
        "mu": [
          4.350054,
          -14.538151,
          37.342212,
          6.380363,
          84.520392
        ],
        "cov": [
          [
            28.952351,
            0.425803,
            35.792342,
            0.314951,
            -2.143425
          ],
          [
            0.425803,
            10.031803,
            6.554937,
            0.120576,
            -2.540753
          ],
          [
            35.792342,
            6.554937,
            113.336171,
            0.061672,
            2.141417
          ],
          [
            0.314951,
            0.120576,
            0.061672,
            0.197101,
            -0.253214
          ],
          [
            -2.143425,
            -2.540753,
            2.141417,
            -0.253214,
            10.644861
          ]
        ],
        "n": 1682
      },
      "roc": {
        "mu": [
          4.574506,
          -14.485055,
          5.669905,
          1.822931,
          6.392268,
          84.658275
        ],
        "cov": [
          [
            29.367566,
            0.845734,
            0.883156,
            -1.386908,
            0.304018,
            -1.414458
          ],
          [
            0.845734,
            10.008621,
            0.079838,
            0.077171,
            0.12199,
            -2.218323
          ],
          [
            0.883156,
            0.079838,
            0.147857,
            -0.129946,
            -0.005486,
            0.180461
          ],
          [
            -1.386908,
            0.077171,
            -0.129946,
            0.580134,
            0.054229,
            -0.518812
          ],
          [
            0.304018,
            0.12199,
            -0.005486,
            0.054229,
            0.191665,
            -0.211207
          ],
          [
            -1.414458,
            -2.218323,
            0.180461,
            -0.518812,
            -0.211207,
            10.213605
          ]
        ],
        "n": 2006
      }
    },
    "CH_R": {
      "mlb": {
        "mu": [
          3.911134,
          14.903826,
          35.790168,
          6.465564,
          86.804262
        ],
        "cov": [
          [
            23.430207,
            1.754863,
            27.900127,
            0.0589,
            -2.000675
          ],
          [
            1.754863,
            12.199347,
            -7.858978,
            -0.052602,
            0.57886
          ],
          [
            27.900127,
            -7.858978,
            139.159041,
            0.072181,
            -3.518958
          ],
          [
            0.0589,
            -0.052602,
            0.072181,
            0.138553,
            -0.084442
          ],
          [
            -2.000675,
            0.57886,
            -3.518958,
            -0.084442,
            11.275091
          ]
        ],
        "n": 2980
      },
      "roc": {
        "mu": [
          3.943205,
          14.968047,
          5.588974,
          -1.735761,
          6.455406,
          86.799775
        ],
        "cov": [
          [
            22.515415,
            1.275537,
            0.872584,
            0.435455,
            0.059217,
            -1.781491
          ],
          [
            1.275537,
            14.692181,
            -0.330663,
            -0.322209,
            -0.034395,
            1.040173
          ],
          [
            0.872584,
            -0.330663,
            0.178485,
            0.091085,
            -0.017109,
            -0.116032
          ],
          [
            0.435455,
            -0.322209,
            0.091085,
            0.458259,
            -0.002848,
            0.210866
          ],
          [
            0.059217,
            -0.034395,
            -0.017109,
            -0.002848,
            0.136409,
            -0.087816
          ],
          [
            -1.781491,
            1.040173,
            -0.116032,
            0.210866,
            -0.087816,
            10.677006
          ]
        ],
        "n": 3548
      }
    },
    "CU_L": {
      "mlb": {
        "mu": [
          -11.523953,
          7.440965,
          46.789059,
          6.273271,
          79.406471
        ],
        "cov": [
          [
            18.671692,
            -6.367689,
            -12.571123,
            0.31883,
            6.11014
          ],
          [
            -6.367689,
            17.791586,
            -3.690369,
            -0.285034,
            -8.961638
          ],
          [
            -12.571123,
            -3.690369,
            78.217984,
            0.905708,
            -5.394052
          ],
          [
            0.31883,
            -0.285034,
            0.905708,
            0.184505,
            0.175819
          ],
          [
            6.11014,
            -8.961638,
            -5.394052,
            0.175819,
            16.46838
          ]
        ],
        "n": 850
      },
      "roc": {
        "mu": [
          -11.411554,
          7.558861,
          6.022616,
          1.610618,
          6.292886,
          79.581467
        ],
        "cov": [
          [
            18.021545,
            -6.556666,
            -0.44859,
            1.396536,
            0.301529,
            5.52025
          ],
          [
            -6.556666,
            19.569444,
            0.249693,
            -0.238642,
            -0.339982,
            -7.924868
          ],
          [
            -0.44859,
            0.249693,
            0.110221,
            -0.089401,
            -0.045182,
            -0.355932
          ],
          [
            1.396536,
            -0.238642,
            -0.089401,
            0.443638,
            0.021932,
            0.055888
          ],
          [
            0.301529,
            -0.339982,
            -0.045182,
            0.021932,
            0.175617,
            0.182433
          ],
          [
            5.52025,
            -7.924868,
            -0.355932,
            0.055888,
            0.182433,
            14.69668
          ]
        ],
        "n": 1036
      }
    },
    "CU_R": {
      "mlb": {
        "mu": [
          -11.977152,
          -8.685945,
          43.793895,
          6.42,
          80.766444
        ],
        "cov": [
          [
            12.259802,
            0.595252,
            -12.345157,
            0.042191,
            2.544622
          ],
          [
            0.595252,
            20.561549,
            20.954097,
            0.045874,
            7.551
          ],
          [
            -12.345157,
            20.954097,
            95.158817,
            -0.021371,
            2.615805
          ],
          [
            0.042191,
            0.045874,
            -0.021371,
            0.157519,
            0.092716
          ],
          [
            2.544622,
            7.551,
            2.615805,
            0.092716,
            15.33038
          ]
        ],
        "n": 2244
      },
      "roc": {
        "mu": [
          -12.040501,
          -8.685121,
          5.929422,
          -1.625404,
          6.424807,
          80.694298
        ],
        "cov": [
          [
            12.300207,
            0.828561,
            -0.418303,
            -0.434396,
            0.065225,
            2.55617
          ],
          [
            0.828561,
            20.546795,
            0.599488,
            0.465158,
            0.075218,
            7.513776
          ],
          [
            -0.418303,
            0.599488,
            0.166009,
            0.084278,
            -0.043467,
            -0.146846
          ],
          [
            -0.434396,
            0.465158,
            0.084278,
            0.447467,
            -0.025688,
            -0.026148
          ],
          [
            0.065225,
            0.075218,
            -0.043467,
            -0.025688,
            0.155293,
            0.153927
          ],
          [
            2.55617,
            7.513776,
            -0.146846,
            -0.026148,
            0.153927,
            15.054259
          ]
        ],
        "n": 2613
      }
    },
    "FC_L": {
      "mlb": {
        "mu": [
          8.343318,
          1.619519,
          38.317048,
          6.372929,
          88.823913
        ],
        "cov": [
          [
            8.076805,
            -2.803941,
            -0.090866,
            -0.023866,
            1.141848
          ],
          [
            -2.803941,
            8.324826,
            5.563906,
            -0.000903,
            -0.439232
          ],
          [
            -0.090866,
            5.563906,
            91.383065,
            -0.151226,
            8.745881
          ],
          [
            -0.023866,
            -0.000903,
            -0.151226,
            0.148222,
            0.206558
          ],
          [
            1.141848,
            -0.439232,
            8.745881,
            0.206558,
            5.752795
          ]
        ],
        "n": 874
      },
      "roc": {
        "mu": [
          8.483585,
          1.667151,
          5.72325,
          1.951281,
          6.39869,
          88.959178
        ],
        "cov": [
          [
            8.615923,
            -2.887008,
            -0.071406,
            -0.061149,
            -0.031852,
            1.35756
          ],
          [
            -2.887008,
            7.822211,
            0.241218,
            0.148472,
            0.026028,
            -0.362759
          ],
          [
            -0.071406,
            0.241218,
            0.126748,
            -0.103142,
            -0.010665,
            0.31607
          ],
          [
            -0.061149,
            0.148472,
            -0.103142,
            0.519114,
            0.089101,
            -0.333321
          ],
          [
            -0.031852,
            0.026028,
            -0.010665,
            0.089101,
            0.140129,
            0.21965
          ],
          [
            1.35756,
            -0.362759,
            0.31607,
            -0.333321,
            0.21965,
            5.449059
          ]
        ],
        "n": 1046
      }
    },
    "FC_R": {
      "mlb": {
        "mu": [
          8.726074,
          -2.011452,
          37.538487,
          6.403697,
          90.09816
        ],
        "cov": [
          [
            9.613476,
            1.450862,
            6.601185,
            0.027076,
            2.427785
          ],
          [
            1.450862,
            8.808263,
            -9.664172,
            -0.140387,
            2.146686
          ],
          [
            6.601185,
            -9.664172,
            121.127671,
            -0.125353,
            3.422497
          ],
          [
            0.027076,
            -0.140387,
            -0.125353,
            0.204259,
            0.057854
          ],
          [
            2.427785,
            2.146686,
            3.422497,
            0.057854,
            8.928299
          ]
        ],
        "n": 2445
      },
      "roc": {
        "mu": [
          8.690366,
          -2.103892,
          5.645278,
          -1.691931,
          6.37919,
          89.938889
        ],
        "cov": [
          [
            9.759942,
            1.16357,
            0.217009,
            0.443058,
            0.052686,
            2.632876
          ],
          [
            1.16357,
            8.746699,
            -0.339954,
            -0.231257,
            -0.132882,
            1.92692
          ],
          [
            0.217009,
            -0.339954,
            0.177024,
            0.104299,
            -0.035351,
            0.049891
          ],
          [
            0.443058,
            -0.231257,
            0.104299,
            0.490502,
            -0.054917,
            0.242589
          ],
          [
            0.052686,
            -0.132882,
            -0.035351,
            -0.054917,
            0.208067,
            0.162737
          ],
          [
            2.632876,
            1.92692,
            0.049891,
            0.242589,
            0.162737,
            8.847431
          ]
        ],
        "n": 3060
      }
    },
    "FF_L": {
      "mlb": {
        "mu": [
          16.329354,
          -8.170442,
          40.720679,
          6.45196,
          93.401427
        ],
        "cov": [
          [
            7.995928,
            4.039445,
            21.760099,
            0.005661,
            0.310694
          ],
          [
            4.039445,
            16.229366,
            26.986946,
            0.291842,
            -0.734236
          ],
          [
            21.760099,
            26.986946,
            139.146882,
            0.611036,
            2.555028
          ],
          [
            0.005661,
            0.291842,
            0.611036,
            0.180898,
            -0.125364
          ],
          [
            0.310694,
            -0.734236,
            2.555028,
            -0.125364,
            5.602258
          ]
        ],
        "n": 3714
      },
      "roc": {
        "mu": [
          16.429102,
          -7.900007,
          5.72146,
          1.730678,
          6.464852,
          93.367296
        ],
        "cov": [
          [
            7.877193,
            3.440889,
            0.470556,
            -0.850791,
            0.035735,
            0.510884
          ],
          [
            3.440889,
            15.923942,
            0.616653,
            -0.936303,
            0.271655,
            -0.53999
          ],
          [
            0.470556,
            0.616653,
            0.147734,
            -0.141298,
            -0.014097,
            0.051294
          ],
          [
            -0.850791,
            -0.936303,
            -0.141298,
            0.52063,
            -0.000154,
            -0.226513
          ],
          [
            0.035735,
            0.271655,
            -0.014097,
            -0.000154,
            0.168171,
            -0.09376
          ],
          [
            0.510884,
            -0.53999,
            0.051294,
            -0.226513,
            -0.09376,
            5.349215
          ]
        ],
        "n": 4501
      }
    },
    "FF_R": {
      "mlb": {
        "mu": [
          16.224846,
          7.747814,
          39.367975,
          6.52217,
          95.050265
        ],
        "cov": [
          [
            7.191865,
            -2.970732,
            17.58846,
            0.173957,
            0.557232
          ],
          [
            -2.970732,
            15.475612,
            -26.653178,
            -0.310041,
            -0.51269
          ],
          [
            17.58846,
            -26.653178,
            136.786624,
            0.639918,
            4.270796
          ],
          [
            0.173957,
            -0.310041,
            0.639918,
            0.186841,
            0.055069
          ],
          [
            0.557232,
            -0.51269,
            4.270796,
            0.055069,
            5.578411
          ]
        ],
        "n": 9989
      },
      "roc": {
        "mu": [
          16.255848,
          7.887134,
          5.648435,
          -1.631012,
          6.512704,
          95.020951
        ],
        "cov": [
          [
            7.312382,
            -3.146143,
            0.475056,
            0.585312,
            0.163297,
            0.355335
          ],
          [
            -3.146143,
            16.29667,
            -0.73847,
            -0.873365,
            -0.28438,
            -0.212138
          ],
          [
            0.475056,
            -0.73847,
            0.184962,
            0.12243,
            -0.014261,
            0.136676
          ],
          [
            0.585312,
            -0.873365,
            0.12243,
            0.452793,
            -0.004893,
            0.168497
          ],
          [
            0.163297,
            -0.28438,
            -0.014261,
            -0.004893,
            0.180504,
            0.070284
          ],
          [
            0.355335,
            -0.212138,
            0.136676,
            0.168497,
            0.070284,
            5.535177
          ]
        ],
        "n": 11928
      }
    },
    "FS_L": {
      "mlb": {
        "mu": [
          2.814658,
          -10.982516,
          37.041925,
          6.438478,
          85.282919
        ],
        "cov": [
          [
            24.781089,
            2.16407,
            24.287013,
            0.575014,
            2.53927
          ],
          [
            2.16407,
            20.290008,
            15.268336,
            0.272436,
            -4.722171
          ],
          [
            24.287013,
            15.268336,
            97.179078,
            0.860052,
            2.960718
          ],
          [
            0.575014,
            0.272436,
            0.860052,
            0.233528,
            0.033781
          ],
          [
            2.53927,
            -4.722171,
            2.960718,
            0.033781,
            6.284536
          ]
        ],
        "n": 322
      },
      "roc": {
        "mu": [
          3.085107,
          -10.902513,
          5.62131,
          1.779305,
          6.488743,
          85.431551
        ],
        "cov": [
          [
            26.089899,
            2.595368,
            0.20308,
            -0.88233,
            0.650547,
            2.719605
          ],
          [
            2.595368,
            18.899409,
            0.138059,
            0.514647,
            0.239333,
            -4.153202
          ],
          [
            0.20308,
            0.138059,
            0.094787,
            -0.131948,
            0.028109,
            0.194243
          ],
          [
            -0.88233,
            0.514647,
            -0.131948,
            0.439528,
            -0.07597,
            -0.672981
          ],
          [
            0.650547,
            0.239333,
            0.028109,
            -0.07597,
            0.221442,
            0.084316
          ],
          [
            2.719605,
            -4.153202,
            0.194243,
            -0.672981,
            0.084316,
            5.861147
          ]
        ],
        "n": 374
      }
    },
    "FS_R": {
      "mlb": {
        "mu": [
          2.39584,
          11.694309,
          39.558153,
          6.628258,
          87.014693
        ],
        "cov": [
          [
            22.928341,
            4.038545,
            23.0484,
            -0.401972,
            1.703984
          ],
          [
            4.038545,
            20.699617,
            -11.282812,
            -0.228573,
            5.763014
          ],
          [
            23.0484,
            -11.282812,
            92.442286,
            -0.064375,
            -7.396283
          ],
          [
            -0.401972,
            -0.228573,
            -0.064375,
            0.130907,
            -0.281863
          ],
          [
            1.703984,
            5.763014,
            -7.396283,
            -0.281863,
            11.204765
          ]
        ],
        "n": 1613
      },
      "roc": {
        "mu": [
          2.448719,
          11.750617,
          5.704964,
          -1.661878,
          6.611142,
          86.97073
        ],
        "cov": [
          [
            21.594995,
            3.496162,
            0.489256,
            0.449653,
            -0.39155,
            1.637214
          ],
          [
            3.496162,
            20.048705,
            -0.359358,
            -0.430569,
            -0.202208,
            5.440277
          ],
          [
            0.489256,
            -0.359358,
            0.144397,
            0.059501,
            -0.035744,
            -0.1914
          ],
          [
            0.449653,
            -0.430569,
            0.059501,
            0.273112,
            -0.02351,
            -0.227458
          ],
          [
            -0.39155,
            -0.202208,
            -0.035744,
            -0.02351,
            0.132185,
            -0.257396
          ],
          [
            1.637214,
            5.440277,
            -0.1914,
            -0.227458,
            -0.257396,
            11.100105
          ]
        ],
        "n": 1944
      }
    },
    "SI_L": {
      "mlb": {
        "mu": [
          7.219367,
          -15.792537,
          33.462083,
          6.361267,
          93.028333
        ],
        "cov": [
          [
            21.238261,
            2.803549,
            40.363797,
            0.274866,
            3.891449
          ],
          [
            2.803549,
            9.138531,
            13.606988,
            0.198807,
            -0.366558
          ],
          [
            40.363797,
            13.606988,
            184.923706,
            -0.628,
            17.026727
          ],
          [
            0.274866,
            0.198807,
            -0.628,
            0.306709,
            -0.325861
          ],
          [
            3.891449,
            -0.366558,
            17.026727,
            -0.325861,
            7.945633
          ]
        ],
        "n": 2400
      },
      "roc": {
        "mu": [
          7.232374,
          -15.801299,
          5.586144,
          1.919505,
          6.376375,
          93.066654
        ],
        "cov": [
          [
            20.70609,
            2.883281,
            1.122676,
            -1.425645,
            0.255045,
            3.87172
          ],
          [
            2.883281,
            8.960925,
            0.412415,
            -0.658968,
            0.141876,
            -0.365193
          ],
          [
            1.122676,
            0.412415,
            0.277554,
            -0.255438,
            -0.022936,
            0.685246
          ],
          [
            -1.425645,
            -0.658968,
            -0.255438,
            0.696831,
            0.100434,
            -0.918675
          ],
          [
            0.255045,
            0.141876,
            -0.022936,
            0.100434,
            0.305629,
            -0.269676
          ],
          [
            3.87172,
            -0.365193,
            0.685246,
            -0.918675,
            -0.269676,
            7.87722
          ]
        ],
        "n": 2687
      }
    },
    "SI_R": {
      "mlb": {
        "mu": [
          7.65316,
          15.596219,
          32.975092,
          6.43418,
          94.345495
        ],
        "cov": [
          [
            24.215609,
            -1.190011,
            54.169848,
            0.328799,
            3.637969
          ],
          [
            -1.190011,
            8.694996,
            -0.589211,
            -0.145257,
            1.843788
          ],
          [
            54.169848,
            -0.589211,
            225.159843,
            0.662335,
            15.630956
          ],
          [
            0.328799,
            -0.145257,
            0.662335,
            0.165134,
            0.04255
          ],
          [
            3.637969,
            1.843788,
            15.630956,
            0.04255,
            6.728054
          ]
        ],
        "n": 5139
      },
