{
  "teams": [
    "ARI",
    "ATH",
    "ATL",
    "BAL",
    "BOS",
    "CHC",
    "CIN",
    "CLE",
    "COL",
    "CWS",
    "DET",
    "HOU",
    "KCR",
    "LAA",
    "LAD",
    "MIA",
    "MIL",
    "MIN",
    "NYM",
    "NYY",
    "PHI",
    "PIT",
    "ROC",
    "SDP",
    "SEA",
    "SFG",
    "STL",
    "TBR",
    "TEX",
    "TOR",
    "WSH"
  ],
  "pitchTypes": [
    "CH",
    "CU",
    "EP",
    "FC",
    "FF",
    "FS",
    "SI",
    "SL",
    "ST",
    "SV"
  ],
  "generatedAt": "2026-04-08 17:30",
  "totalPitches": 51211,
  "totalPitchers": 428,
  "totalHitters": 408,
  "rocTeams": [
    "ROC"
  ],
  "leagueAverages": {
    "FF": {
      "velocity": 94.58,
      "spinRate": 2312.75,
      "indVertBrk": 16.32,
      "horzBrk": 3.42,
      "relPosZ": 5.66,
      "relPosX": -0.7,
      "extension": 6.51,
      "armAngle": 39.74,
      "vaa": -4.62,
      "haa": 0.5,
      "strikePct": 0.6542,
      "izPct": 0.5247,
      "swStrRate": 0.1087,
      "swStrPct": 0.2244,
      "cswPct": 0.2839,
      "izWhiffPct": 0.1762,
      "chasePct": 0.2779,
      "gbPct": 0.3108,
      "fpsPct": 0.6051,
      "breakTiltMinutes": 23,
      "breakTilt": "12:23",
      "xBA": 0.2397,
      "xSLG": 0.4344,
      "xwOBA": 0.3525,
      "count": 394
    },
    "SI": {
      "velocity": 93.97,
      "spinRate": 2187.08,
      "indVertBrk": 7.61,
      "horzBrk": 5.75,
      "relPosZ": 5.53,
      "relPosX": -0.55,
      "extension": 6.42,
      "armAngle": 33.11,
      "vaa": -5.81,
      "haa": 0.04,
      "strikePct": 0.6602,
      "izPct": 0.5508,
      "swStrRate": 0.0644,
      "swStrPct": 0.1428,
      "cswPct": 0.2771,
      "izWhiffPct": 0.0996,
      "chasePct": 0.2441,
      "gbPct": 0.5452,
      "fpsPct": 0.607,
      "breakTiltMinutes": 71,
      "breakTilt": "1:11",
      "xBA": 0.2715,
      "xSLG": 0.3982,
      "xwOBA": 0.3526,
      "count": 315
    },
    "FS": {
      "velocity": 86.75,
      "spinRate": 1406.24,
      "indVertBrk": 2.48,
      "horzBrk": 7.9,
      "relPosZ": 5.68,
      "relPosX": -1.08,
      "extension": 6.61,
      "armAngle": 39.31,
      "vaa": -7.77,
      "haa": 0.36,
      "strikePct": 0.5866,
      "izPct": 0.3764,
      "swStrRate": 0.1813,
      "swStrPct": 0.3621,
      "cswPct": 0.2601,
      "izWhiffPct": 0.2513,
      "chasePct": 0.3486,
      "gbPct": 0.5457,
      "fpsPct": 0.5645,
      "breakTiltMinutes": 132,
      "breakTilt": "2:12",
      "xBA": 0.194,
      "xSLG": 0.2833,
      "xwOBA": 0.2353,
      "count": 93
    },
    "ST": {
      "velocity": 82.32,
      "spinRate": 2568.69,
      "indVertBrk": 1.24,
      "horzBrk": -4.74,
      "relPosZ": 5.43,
      "relPosX": -0.54,
      "extension": 6.33,
      "armAngle": 29.92,
      "vaa": -7.65,
      "haa": 1.27,
      "strikePct": 0.5915,
      "izPct": 0.4424,
      "swStrRate": 0.1437,
      "swStrPct": 0.3215,
      "cswPct": 0.3022,
      "izWhiffPct": 0.205,
      "chasePct": 0.274,
      "gbPct": 0.3208,
      "fpsPct": 0.5689,
      "breakTiltMinutes": 570,
      "breakTilt": "9:30",
      "xBA": 0.175,
      "xSLG": 0.2898,
      "xwOBA": 0.2515,
      "count": 202
    },
    "SL": {
      "velocity": 86.25,
      "spinRate": 2427.37,
      "indVertBrk": 1.01,
      "horzBrk": -1.46,
      "relPosZ": 5.78,
      "relPosX": -0.66,
      "extension": 6.36,
      "armAngle": 41.0,
      "vaa": -7.78,
      "haa": 1.09,
      "strikePct": 0.629,
      "izPct": 0.4616,
      "swStrRate": 0.1691,
      "swStrPct": 0.3537,
      "cswPct": 0.3259,
      "izWhiffPct": 0.2112,
      "chasePct": 0.3207,
      "gbPct": 0.4264,
      "fpsPct": 0.6103,
      "breakTiltMinutes": 616,
      "breakTilt": "10:16",
      "xBA": 0.2114,
      "xSLG": 0.3512,
      "xwOBA": 0.2826,
      "count": 265
    },
    "FC": {
      "velocity": 89.78,
      "spinRate": 2380.11,
      "indVertBrk": 8.64,
      "horzBrk": -1.08,
      "relPosZ": 5.67,
      "relPosX": -0.7,
      "extension": 6.41,
      "armAngle": 37.68,
      "vaa": -6.01,
      "haa": 1.07,
      "strikePct": 0.6488,
      "izPct": 0.5308,
      "swStrRate": 0.1152,
      "swStrPct": 0.2435,
      "cswPct": 0.2913,
      "izWhiffPct": 0.1756,
      "chasePct": 0.2463,
      "gbPct": 0.3758,
      "fpsPct": 0.6119,
      "breakTiltMinutes": 704,
      "breakTilt": "11:44",
      "xBA": 0.2545,
      "xSLG": 0.4411,
      "xwOBA": 0.356,
      "count": 179
    },
    "CH": {
      "velocity": 86.01,
      "spinRate": 1761.16,
      "indVertBrk": 4.14,
      "horzBrk": 4.24,
      "relPosZ": 5.61,
      "relPosX": -0.43,
      "extension": 6.44,
      "armAngle": 36.4,
      "vaa": -7.51,
      "haa": 0.04,
      "strikePct": 0.5801,
      "izPct": 0.398,
      "swStrRate": 0.1673,
      "swStrPct": 0.3473,
      "cswPct": 0.2628,
      "izWhiffPct": 0.2512,
      "chasePct": 0.3177,
      "gbPct": 0.5225,
      "fpsPct": 0.5513,
      "breakTiltMinutes": 104,
      "breakTilt": "1:44",
      "xBA": 0.2184,
      "xSLG": 0.3151,
      "xwOBA": 0.2675,
      "count": 251
    },
    "SV": {
      "velocity": 82.11,
      "spinRate": 2580.18,
      "indVertBrk": -6.53,
      "horzBrk": -10.52,
      "relPosZ": 5.76,
      "relPosX": -1.6,
      "extension": 6.39,
      "armAngle": 37.29,
      "vaa": -8.97,
      "haa": 3.08,
      "strikePct": 0.5968,
      "izPct": 0.4299,
      "swStrRate": 0.1482,
      "swStrPct": 0.3422,
      "cswPct": 0.3124,
      "izWhiffPct": 0.132,
      "chasePct": 0.3104,
      "gbPct": 0.414,
      "fpsPct": 0.5634,
      "breakTiltMinutes": 472,
      "breakTilt": "7:52",
      "xBA": 0.1914,
      "xSLG": 0.3205,
      "xwOBA": 0.3043,
      "count": 30
    },
    "CU": {
      "velocity": 80.42,
      "spinRate": 2548.33,
      "indVertBrk": -11.91,
      "horzBrk": -4.19,
      "relPosZ": 5.96,
      "relPosX": -0.72,
      "extension": 6.4,
      "armAngle": 44.75,
      "vaa": -9.89,
      "haa": 1.3,
      "strikePct": 0.5702,
      "izPct": 0.4204,
      "swStrRate": 0.1271,
      "swStrPct": 0.3187,
      "cswPct": 0.2996,
      "izWhiffPct": 0.1659,
      "chasePct": 0.2699,
      "gbPct": 0.5092,
      "fpsPct": 0.5275,
      "breakTiltMinutes": 391,
      "breakTilt": "6:31",
      "xBA": 0.2113,
      "xSLG": 0.3427,
      "xwOBA": 0.282,
      "count": 187
    }
  },
  "pitcherLeagueAverages": {
    "strikePct": 0.6285,
    "izPct": 0.4856,
    "swStrRate": 0.124,
    "swStrPct": 0.2672,
    "cswPct": 0.2887,
    "izWhiffPct": 0.1785,
    "chasePct": 0.286,
    "gbPct": 0.4262,
    "kPct": 0.2357,
    "bbPct": 0.0967,
    "kbbPct": 0.139,
    "babip": 0.2865,
    "fpsPct": 0.5927,
    "twoStrikeWhiffPct": 0.2611,
    "relPosZ": 5.6536,
    "relPosX": -0.6592,
    "extension": 6.4397,
    "armAngle": 37.757,
    "vaa": -6.4747,
    "haa": 0.653,
    "avgEVAgainst": 88.9381,
    "maxEVAgainst": 108.3496,
    "hardHitPct": 0.4016,
    "barrelPctAgainst": 0.0846,
    "ldPct": 0.2252,
    "fbPct": 0.2691,
    "puPct": 0.0766,
    "hrFbPct": 0.1076,
    "wOBA": 0.3125,
    "xBA": 0.2301,
    "xSLG": 0.3774,
    "xwOBA": 0.3159,
    "xwOBAcon": 0.3677,
    "count": 428,
    "era": 3.95,
    "hr9": 0.95,
    "fip": 3.92,
    "xFIP": 3.94,
    "siera": 3.95
  },
  "hitterLeagueAverages": {
    "wOBA": 0.3131,
    "xBA": 0.2304,
    "xSLG": 0.3787,
    "xwOBA": 0.3165,
    "xwOBAcon": 0.367,
    "xwOBAsp": 0.3653,
    "avgEVAll": 88.9584,
    "ev50": 99.7576,
    "maxEV": 106.9747,
    "hardHitPct": 0.402,
    "barrelPct": 0.0851,
    "sacqPct": 0.2804,
    "gbPct": 0.4284,
    "ldPct": 0.2257,
    "fbPct": 0.2693,
    "puPct": 0.0765,
    "hrFbPct": 0.1135,
    "pullPct": 0.4479,
    "middlePct": 0.2845,
    "oppoPct": 0.2676,
    "airPullPct": 0.1868,
    "swingPct": 0.4649,
    "izSwingPct": 0.6498,
    "chasePct": 0.2891,
    "izSwChase": 0.3607,
    "contactPct": 0.7355,
    "izContactPct": 0.8243,
    "whiffPct": 0.2645,
    "batSpeed": 70.9954,
    "swingLength": 7.291,
    "attackAngle": 9.8816,
    "attackDirection": -1.5919,
    "swingPathTilt": 32.0996,
    "twoStrikeWhiffPct": 0.2639,
    "firstPitchSwingPct": 0.3023,
    "avgFbDist": 309.7739,
    "avgHrDist": 393.2646,
    "sprintSpeed": 26.7342,
    "runValue": -0.0534,
    "count": 408
  },
  "vaaRegressions": {
    "CH": {
      "slope": 1.085929,
      "intercept": -9.474813,
      "leagueAvgPlateZ": 1.811337
    },
    "CU": {
      "slope": 0.973306,
      "intercept": -11.656851,
      "leagueAvgPlateZ": 1.819418
    },
    "EP": {
      "slope": 0.938882,
      "intercept": -17.359429,
      "leagueAvgPlateZ": 2.878557
    },
    "FC": {
      "slope": 1.096561,
      "intercept": -8.781422,
      "leagueAvgPlateZ": 2.528608
    },
    "FF": {
      "slope": 1.067448,
      "intercept": -7.684143,
      "leagueAvgPlateZ": 2.873881
    },
    "FS": {
      "slope": 1.077054,
      "intercept": -9.615258,
      "leagueAvgPlateZ": 1.712036
    },
    "SI": {
      "slope": 1.091813,
      "intercept": -8.469367,
      "leagueAvgPlateZ": 2.433106
    },
    "SL": {
      "slope": 1.077108,
      "intercept": -9.870585,
      "leagueAvgPlateZ": 1.940815
    },
    "ST": {
      "slope": 1.12119,
      "intercept": -9.924672,
      "leagueAvgPlateZ": 2.026964
    },
    "SV": {
      "slope": 1.095134,
      "intercept": -10.992216,
      "leagueAvgPlateZ": 1.843498
    }
  },
  "haaRegressions": {
    "CH": {
      "slope": 0.756489,
      "intercept": 0.089314,
      "leagueAvgPlateX": -0.0604
    },
    "CU": {
      "slope": 1.273113,
      "intercept": 1.237701,
      "leagueAvgPlateX": 0.048543
    },
    "EP": {
      "slope": 0.995547,
      "intercept": 1.10409,
      "leagueAvgPlateX": 0.015567
    },
    "FC": {
      "slope": 1.71889,
      "intercept": 0.848496,
      "leagueAvgPlateX": 0.130809
    },
    "FF": {
      "slope": 1.033137,
      "intercept": 0.509507,
      "leagueAvgPlateX": -0.004533
    },
    "FS": {
      "slope": 0.847068,
      "intercept": 0.495318,
      "leagueAvgPlateX": -0.162004
    },
    "SI": {
      "slope": 0.823931,
      "intercept": 0.097407,
      "leagueAvgPlateX": -0.072435
    },
    "SL": {
      "slope": 1.829944,
      "intercept": 0.811583,
      "leagueAvgPlateX": 0.154483
    },
    "ST": {
      "slope": 2.363508,
      "intercept": 0.872259,
      "leagueAvgPlateX": 0.166673
    },
    "SV": {
      "slope": 1.590086,
      "intercept": 2.782794,
      "leagueAvgPlateX": 0.18781
    }
  },
  "sacqZones": [
    {
      "spray": "center",
      "laMin": null,
      "laMax": 0,
      "laBin": 0,
      "woba": 0.238,
      "xwobacon": 0.186,
      "quality": false,
      "count": 554
    },
    {
      "spray": "center",
      "laMin": 0,
      "laMax": 5,
      "laBin": 1,
      "woba": 0.456,
      "xwobacon": 0.399,
      "quality": false,
      "count": 143
    },
    {
      "spray": "center",
      "laMin": 5,
      "laMax": 10,
      "laBin": 2,
      "woba": 0.52,
      "xwobacon": 0.509,
      "quality": true,
      "count": 175
    },
    {
      "spray": "center",
      "laMin": 10,
      "laMax": 15,
      "laBin": 3,
      "woba": 0.709,
      "xwobacon": 0.723,
      "quality": true,
      "count": 173
    },
    {
      "spray": "center",
      "laMin": 15,
      "laMax": 20,
      "laBin": 4,
      "woba": 0.584,
      "xwobacon": 0.664,
      "quality": true,
      "count": 232
    },
    {
      "spray": "center",
      "laMin": 20,
      "laMax": 25,
      "laBin": 5,
      "woba": 0.44,
      "xwobacon": 0.663,
      "quality": false,
      "count": 197
    },
    {
      "spray": "center",
      "laMin": 25,
      "laMax": 30,
      "laBin": 6,
      "woba": 0.398,
      "xwobacon": 0.762,
      "quality": false,
      "count": 196
    },
    {
      "spray": "center",
      "laMin": 30,
      "laMax": 35,
      "laBin": 7,
      "woba": 0.299,
      "xwobacon": 0.577,
      "quality": false,
      "count": 184
    },
    {
      "spray": "center",
      "laMin": 35,
      "laMax": 40,
      "laBin": 8,
      "woba": 0.135,
      "xwobacon": 0.359,
      "quality": false,
      "count": 132
    },
    {
      "spray": "center",
      "laMin": 40,
      "laMax": 50,
      "laBin": 9,
      "woba": 0.064,
      "xwobacon": 0.094,
      "quality": false,
      "count": 198
    },
    {
      "spray": "center",
      "laMin": 50,
      "laMax": null,
      "laBin": 10,
      "woba": 0.012,
      "xwobacon": 0.02,
      "quality": false,
      "count": 179
    },
    {
      "spray": "oppo",
      "laMin": null,
      "laMax": 0,
      "laBin": 0,
      "woba": 0.294,
      "xwobacon": 0.175,
      "quality": false,
      "count": 362
    },
    {
      "spray": "oppo",
      "laMin": 0,
      "laMax": 5,
      "laBin": 1,
      "woba": 0.432,
      "xwobacon": 0.358,
      "quality": false,
      "count": 109
    },
    {
      "spray": "oppo",
      "laMin": 5,
      "laMax": 10,
      "laBin": 2,
      "woba": 0.613,
      "xwobacon": 0.468,
      "quality": true,
      "count": 120
    },
    {
      "spray": "oppo",
      "laMin": 10,
      "laMax": 15,
      "laBin": 3,
      "woba": 0.785,
      "xwobacon": 0.703,
      "quality": true,
      "count": 135
    },
    {
      "spray": "oppo",
      "laMin": 15,
      "laMax": 20,
      "laBin": 4,
      "woba": 0.623,
      "xwobacon": 0.636,
      "quality": true,
      "count": 124
    },
    {
      "spray": "oppo",
      "laMin": 20,
      "laMax": 25,
      "laBin": 5,
      "woba": 0.538,
      "xwobacon": 0.584,
      "quality": true,
      "count": 167
    },
    {
      "spray": "oppo",
      "laMin": 25,
      "laMax": 30,
      "laBin": 6,
      "woba": 0.468,
      "xwobacon": 0.551,
      "quality": false,
      "count": 157
    },
    {
      "spray": "oppo",
      "laMin": 30,
      "laMax": 35,
      "laBin": 7,
      "woba": 0.342,
      "xwobacon": 0.388,
      "quality": false,
      "count": 172
    },
    {
      "spray": "oppo",
      "laMin": 35,
      "laMax": 40,
      "laBin": 8,
      "woba": 0.15,
      "xwobacon": 0.16,
      "quality": false,
      "count": 139
    },
    {
      "spray": "oppo",
      "laMin": 40,
      "laMax": 50,
      "laBin": 9,
      "woba": 0.074,
      "xwobacon": 0.064,
      "quality": false,
      "count": 253
    },
    {
      "spray": "oppo",
      "laMin": 50,
      "laMax": null,
      "laBin": 10,
      "woba": 0.043,
      "xwobacon": 0.017,
      "quality": false,
      "count": 486
    },
    {
      "spray": "pull",
      "laMin": null,
      "laMax": 0,
      "laBin": 0,
      "woba": 0.149,
      "xwobacon": 0.156,
      "quality": false,
      "count": 1579
    },
    {
      "spray": "pull",
      "laMin": 0,
      "laMax": 5,
      "laBin": 1,
      "woba": 0.304,
      "xwobacon": 0.377,
      "quality": false,
      "count": 328
    },
    {
      "spray": "pull",
      "laMin": 5,
      "laMax": 10,
      "laBin": 2,
      "woba": 0.433,
      "xwobacon": 0.515,
      "quality": false,
      "count": 302
    },
    {
      "spray": "pull",
      "laMin": 10,
      "laMax": 15,
      "laBin": 3,
      "woba": 0.773,
      "xwobacon": 0.759,
      "quality": true,
      "count": 286
    },
    {
      "spray": "pull",
      "laMin": 15,
      "laMax": 20,
      "laBin": 4,
      "woba": 0.806,
      "xwobacon": 0.699,
      "quality": true,
      "count": 242
    },
    {
      "spray": "pull",
      "laMin": 20,
      "laMax": 25,
      "laBin": 5,
      "woba": 0.97,
      "xwobacon": 0.836,
      "quality": true,
      "count": 231
    },
    {
      "spray": "pull",
      "laMin": 25,
      "laMax": 30,
      "laBin": 6,
      "woba": 1.074,
      "xwobacon": 0.926,
      "quality": true,
      "count": 189
    },
    {
      "spray": "pull",
      "laMin": 30,
      "laMax": 35,
      "laBin": 7,
      "woba": 0.913,
      "xwobacon": 0.669,
      "quality": true,
      "count": 143
    },
    {
      "spray": "pull",
      "laMin": 35,
      "laMax": 40,
      "laBin": 8,
      "woba": 0.617,
      "xwobacon": 0.484,
      "quality": true,
      "count": 109
    },
    {
      "spray": "pull",
      "laMin": 40,
      "laMax": 50,
      "laBin": 9,
      "woba": 0.206,
      "xwobacon": 0.14,
      "quality": false,
      "count": 130
    },
    {
      "spray": "pull",
      "laMin": 50,
      "laMax": null,
      "laBin": 10,
      "woba": 0.028,
      "xwobacon": 0.018,
      "quality": false,
      "count": 165
    }
  ],
  "mvnModels": {
    "CH_L": {
      "mlb": {
        "mu": [
          4.310226,
          -14.504637,
          37.342212,
          6.380363,
          84.520392
        ],
        "cov": [
          [
            28.520252,
            0.835574,
            35.500205,
            0.315925,
            -2.143022
          ],
          [
            0.835574,
            9.81184,
            6.935371,
            0.106601,
            -2.425057
          ],
          [
            35.500205,
            6.935371,
            113.336171,
            0.061672,
            2.141417
          ],
          [
            0.315925,
            0.106601,
            0.061672,
            0.197101,
            -0.253214
          ],
          [
            -2.143022,
            -2.425057,
            2.141417,
            -0.253214,
            10.644861
          ]
        ],
        "n": 1682
      },
      "roc": {
        "mu": [
          4.546001,
          -14.490263,
          5.670204,
          1.824078,
          6.391903,
          84.667163
        ],
        "cov": [
          [
            29.081869,
            1.142574,
            0.877217,
            -1.381293,
            0.303911,
            -1.42072
          ],
          [
            1.142574,
            10.058275,
            0.08383,
            0.046777,
            0.114227,
            -2.136817
          ],
          [
            0.877217,
            0.08383,
            0.147396,
            -0.129334,
            -0.005559,
            0.180418
          ],
          [
            -1.381293,
            0.046777,
            -0.129334,
            0.578668,
            0.053698,
            -0.514696
          ],
          [
            0.303911,
            0.114227,
            -0.005559,
            0.053698,
            0.191473,
            -0.21027
          ],
          [
            -1.42072,
            -2.136817,
            0.180418,
            -0.514696,
            -0.21027,
            10.204622
          ]
        ],
        "n": 2013
      }
    },
    "CH_R": {
      "mlb": {
        "mu": [
          3.910101,
          14.896141,
          35.790168,
          6.465564,
          86.804262
        ],
        "cov": [
          [
            23.719975,
            1.961617,
            28.259948,
            0.068915,
            -2.094595
          ],
          [
            1.961617,
            12.854322,
            -7.961918,
            -0.022867,
            0.299996
          ],
          [
            28.259948,
            -7.961918,
            139.159041,
            0.072181,
            -3.518958
          ],
          [
            0.068915,
            -0.022867,
            0.072181,
            0.138553,
            -0.084442
          ],
          [
            -2.094595,
            0.299996,
            -3.518958,
            -0.084442,
            11.275091
          ]
        ],
        "n": 2980
      },
      "roc": {
        "mu": [
          3.950887,
          14.987609,
          5.589299,
          -1.736012,
          6.455922,
          86.798902
        ],
        "cov": [
          [
            22.844551,
            1.427383,
            0.885993,
            0.449653,
            0.073289,
            -1.854941
          ],
          [
            1.427383,
            15.688984,
            -0.333671,
            -0.305463,
            -0.005197,
            0.83073
          ],
          [
            0.885993,
            -0.333671,
            0.178466,
            0.090914,
            -0.016898,
            -0.116291
          ],
          [
            0.449653,
            -0.305463,
            0.090914,
            0.457947,
            -0.002999,
            0.210934
          ],
          [
            0.073289,
            -0.005197,
            -0.016898,
            -0.002999,
            0.136615,
            -0.088332
          ],
          [
            -1.854941,
            0.83073,
            -0.116291,
            0.210934,
            -0.088332,
            10.669652
          ]
        ],
        "n": 3551
      }
    },
    "CU_L": {
      "mlb": {
        "mu": [
          -11.556118,
          7.466824,
          46.789059,
          6.273271,
          79.406471
        ],
        "cov": [
          [
            18.766659,
            -6.44674,
            -12.632758,
            0.302898,
            6.165252
          ],
          [
            -6.44674,
            17.971218,
            -3.760151,
            -0.270564,
            -9.037948
          ],
          [
            -12.632758,
            -3.760151,
            78.217984,
            0.905708,
            -5.394052
          ],
          [
            0.302898,
            -0.270564,
            0.905708,
            0.184505,
            0.175819
          ],
          [
            6.165252,
            -9.037948,
            -5.394052,
            0.175819,
            16.46838
          ]
        ],
        "n": 850
      },
      "roc": {
        "mu": [
          -11.450579,
          7.602799,
          6.022616,
          1.610618,
          6.292886,
          79.581467
        ],
        "cov": [
          [
            18.435777,
            -6.844911,
            -0.451382,
            1.423365,
            0.295514,
            5.629661
          ],
          [
            -6.844911,
            19.814224,
            0.244136,
            -0.225782,
            -0.326681,
            -7.995175
          ],
          [
            -0.451382,
            0.244136,
            0.110221,
            -0.089401,
            -0.045182,
            -0.355932
          ],
          [
            1.423365,
            -0.225782,
            -0.089401,
            0.443638,
            0.021932,
            0.055888
          ],
          [
            0.295514,
            -0.326681,
            -0.045182,
            0.021932,
            0.175617,
            0.182433
          ],
          [
            5.629661,
            -7.995175,
            -0.355932,
            0.055888,
            0.182433,
            14.69668
          ]
        ],
        "n": 1036
      }
    },
    "CU_R": {
      "mlb": {
        "mu": [
          -11.952629,
          -8.677585,
          43.793895,
          6.42,
          80.766444
        ],
        "cov": [
          [
            12.603983,
            0.971697,
            -12.204762,
            0.039583,
            2.599985
          ],
          [
            0.971697,
            20.906234,
            21.094983,
            0.0448,
            7.594034
          ],
          [
            -12.204762,
            21.094983,
            95.158817,
            -0.021371,
            2.615805
          ],
          [
            0.039583,
            0.0448,
            -0.021371,
            0.157519,
            0.092716
          ],
          [
            2.599985,
            7.594034,
            2.615805,
            0.092716,
            15.33038
          ]
        ],
        "n": 2244
      },
      "roc": {
        "mu": [
          -12.078764,
          -8.687372,
          5.933185,
          -1.628312,
          6.428233,
          80.683087
        ],
        "cov": [
          [
            12.727227,
            1.099148,
            -0.422121,
            -0.433898,
            0.049588,
            2.585625
          ],
          [
            1.099148,
            20.878175,
            0.607835,
            0.446369,
            0.083883,
            7.43337
          ],
          [
            -0.422121,
            0.607835,
            0.166381,
            0.08189,
            -0.041263,
            -0.151738
          ],
          [
            -0.433898,
            0.446369,
            0.08189,
            0.445142,
            -0.027291,
            -0.018849
          ],
          [
            0.049588,
            0.083883,
            -0.041263,
            -0.027291,
            0.155982,
            0.145049
          ],
          [
            2.585625,
            7.43337,
            -0.151738,
            -0.018849,
            0.145049,
            14.954896
          ]
        ],
        "n": 2637
      }
    },
    "FC_L": {
      "mlb": {
        "mu": [
          8.320938,
          1.636613,
          38.317048,
          6.372929,
          88.823913
        ],
        "cov": [
          [
            7.831898,
            -2.630493,
            0.200273,
            -0.017695,
            1.154745
          ],
          [
            -2.630493,
            8.378108,
            5.789261,
            0.001505,
            -0.43594
          ],
          [
            0.200273,
            5.789261,
            91.383065,
            -0.151226,
            8.745881
          ],
          [
            -0.017695,
            0.001505,
            -0.151226,
            0.148222,
            0.206558
          ],
          [
            1.154745,
            -0.43594,
            8.745881,
            0.206558,
            5.752795
          ]
        ],
        "n": 874
      },
      "roc": {
        "mu": [
          8.468242,
          1.672117,
          5.722439,
          1.953233,
          6.401531,
          88.936862
        ],
        "cov": [
          [
            8.669019,
            -2.769354,
            -0.061041,
            -0.0823,
            -0.038321,
            1.438627
          ],
          [
            -2.769354,
            7.861294,
            0.244147,
            0.141201,
            0.023515,
            -0.332387
          ],
          [
            -0.061041,
            0.244147,
            0.125556,
            -0.102576,
            -0.011004,
            0.315753
          ],
          [
            -0.0823,
            0.141201,
            -0.102576,
            0.515032,
            0.089342,
            -0.339416
          ],
          [
            -0.038321,
            0.023515,
            -0.011004,
            0.089342,
            0.139741,
            0.20763
          ],
          [
            1.438627,
            -0.332387,
            0.315753,
            -0.339416,
            0.20763,
            5.468763
          ]
        ],
        "n": 1058
      }
    },
    "FC_R": {
      "mlb": {
        "mu": [
          8.669011,
          -1.991455,
          37.539616,
          6.403524,
          90.097179
        ],
        "cov": [
          [
            9.714172,
            1.436972,
            6.654852,
            0.070178,
            2.47552
          ],
          [
            1.436972,
            8.75751,
            -9.794044,
            -0.154502,
            2.114519
          ],
          [
            6.654852,
            -9.794044,
            121.081248,
            -0.125781,
            3.41839
          ],
          [
            0.070178,
            -0.154502,
            -0.125781,
            0.204249,
            0.058246
          ],
          [
            2.47552,
            2.114519,
            3.41839,
            0.058246,
            8.926998
          ]
        ],
        "n": 2446
      },
      "roc": {
        "mu": [
          8.655603,
          -2.087324,
          5.645348,
          -1.691663,
          6.379059,
          89.938157
        ],
        "cov": [
          [
            9.969639,
            1.122073,
            0.211715,
            0.469967,
            0.089116,
            2.658365
          ],
          [
            1.122073,
            8.741107,
            -0.342277,
            -0.25113,
            -0.143956,
            1.911127
          ],
          [
            0.211715,
            -0.342277,
            0.176981,
            0.104322,
            -0.035368,
            0.049718
          ],
          [
            0.469967,
            -0.25113,
            0.104322,
            0.490563,
            -0.055006,
            0.241909
          ],
          [
            0.089116,
            -0.143956,
            -0.035368,
            -0.055006,
            0.208052,
            0.162976
          ],
          [
            2.658365,
            1.911127,
            0.049718,
            0.241909,
            0.162976,
            8.846178
          ]
        ],
        "n": 3061
      }
    },
    "FF_L": {
      "mlb": {
        "mu": [
          16.312359,
          -8.149085,
          40.720679,
          6.45196,
          93.401427
        ],
        "cov": [
          [
            8.179004,
            4.06125,
            22.003243,
            0.027553,
            0.220147
          ],
          [
            4.06125,
            16.019015,
            26.745788,
            0.281655,
            -0.654931
          ],
          [
            22.003243,
            26.745788,
            139.146882,
            0.611036,
            2.555028
          ],
          [
            0.027553,
            0.281655,
            0.611036,
            0.180898,
            -0.125364
          ],
          [
            0.220147,
            -0.654931,
            2.555028,
            -0.125364,
            5.602258
          ]
        ],
        "n": 3714
      },
      "roc": {
        "mu": [
          16.451726,
          -7.92073,
          5.720648,
          1.733633,
          6.465799,
          93.364049
        ],
        "cov": [
          [
            8.134328,
            3.393516,
            0.469916,
            -0.866462,
            0.052189,
            0.454839
          ],
          [
            3.393516,
            15.904759,
            0.617445,
            -0.945429,
            0.258845,
            -0.453175
          ],
          [
            0.469916,
            0.617445,
            0.147625,
            -0.141785,
            -0.014968,
            0.05346
          ],
          [
            -0.866462,
            -0.945429,
            -0.141785,
            0.521932,
            0.001619,
            -0.231914
          ],
          [
            0.052189,
            0.258845,
            -0.014968,
            0.001619,
            0.16943,
            -0.09808
          ],
          [
            0.454839,
            -0.453175,
            0.05346,
            -0.231914,
            -0.09808,
            5.346468
          ]
        ],
        "n": 4520
      }
    },
    "FF_R": {
      "mlb": {
        "mu": [
          16.19199,
          7.740058,
          39.367881,
          6.522225,
          95.051001
        ],
        "cov": [
          [
            7.553998,
            -2.645367,
            17.475368,
            0.191022,
            0.457442
          ],
          [
            -2.645367,
            15.614515,
            -26.625562,
            -0.302818,
            -0.561366
          ],
          [
            17.475368,
            -26.625562,
            136.800234,
            0.640033,
            4.27191
          ],
          [
            0.191022,
            -0.302818,
            0.640033,
            0.18683,
            0.054675
          ],
          [
            0.457442,
            -0.561366,
            4.27191,
            0.054675,
            5.57356
          ]
        ],
        "n": 9988
      },
      "roc": {
        "mu": [
          16.274087,
          7.878456,
          5.650349,
          -1.631637,
          6.513702,
          95.016674
        ],
        "cov": [
          [
            7.82779,
            -2.884526,
            0.481613,
            0.590981,
            0.192639,
            0.232243
          ],
          [
            -2.884526,
            16.553669,
            -0.744367,
            -0.866062,
            -0.275702,
            -0.232547
          ],
          [
            0.481613,
            -0.744367,
            0.185422,
            0.121482,
            -0.013509,
            0.133696
          ],
          [
            0.590981,
            -0.866062,
            0.121482,
            0.451781,
            -0.005434,
            0.169215
          ],
          [
            0.192639,
            -0.275702,
            -0.013509,
            -0.005434,
            0.180564,
            0.068294
          ],
          [
            0.232243,
            -0.232547,
            0.133696,
            0.169215,
            0.068294,
            5.521658
          ]
        ],
        "n": 11971
      }
    },
    "FS_L": {
      "mlb": {
        "mu": [
          2.843168,
          -10.917391,
          37.041925,
          6.438478,
          85.282919
        ],
        "cov": [
          [
            25.359096,
            1.863214,
            24.70859,
            0.585175,
            2.517656
          ],
          [
            1.863214,
            19.54574,
            13.92989,
            0.189892,
            -4.515563
          ],
          [
            24.70859,
            13.92989,
            97.179078,
            0.860052,
            2.960718
          ],
          [
            0.585175,
            0.189892,
            0.860052,
            0.233528,
            0.033781
          ],
          [
            2.517656,
            -4.515563,
            2.960718,
            0.033781,
            6.284536
          ]
        ],
        "n": 322
      },
      "roc": {
        "mu": [
          3.107487,
          -10.878342,
          5.62131,
          1.779305,
          6.488743,
          85.431551
        ],
        "cov": [
          [
            26.61544,
            2.436969,
            0.202851,
            -0.892622,
            0.657926,
            2.688798
          ],
          [
            2.436969,
            18.426473,
            0.124808,
            0.529224,
            0.155298,
            -3.99905
          ],
          [
            0.202851,
            0.124808,
            0.094787,
            -0.131948,
            0.028109,
            0.194243
          ],
          [
            -0.892622,
            0.529224,
            -0.131948,
            0.439528,
            -0.07597,
            -0.672981
          ],
          [
            0.657926,
            0.155298,
            0.028109,
            -0.07597,
            0.221442,
            0.084316
          ],
          [
            2.688798,
            -3.99905,
            0.194243,
            -0.672981,
            0.084316,
            5.861147
          ]
        ],
        "n": 374
      }
    },
    "FS_R": {
      "mlb": {
        "mu": [
          2.362306,
          11.680905,
          39.558153,
          6.628258,
          87.014693
        ],
        "cov": [
          [
            22.611382,
            3.832872,
            23.00813,
            -0.394299,
            1.646745
          ],
          [
            3.832872,
            21.158891,
            -11.496873,
            -0.203806,
            5.582247
          ],
          [
            23.00813,
            -11.496873,
            92.442286,
            -0.064375,
            -7.396283
          ],
          [
            -0.394299,
            -0.203806,
            -0.064375,
            0.130907,
            -0.281863
          ],
          [
            1.646745,
            5.582247,
            -7.396283,
            -0.281863,
            11.204765
          ]
        ],
        "n": 1613
      },
      "roc": {
        "mu": [
          2.421811,
          11.74784,
          5.704964,
          -1.661878,
          6.611142,
          86.97073
        ],
        "cov": [
          [
            21.378073,
            3.321221,
            0.485822,
            0.451782,
            -0.385368,
            1.597
          ],
          [
            3.321221,
            20.436321,
            -0.365495,
            -0.412854,
            -0.18223,
            5.27033
          ],
          [
            0.485822,
            -0.365495,
            0.144397,
            0.059501,
            -0.035744,
            -0.1914
          ],
          [
            0.451782,
            -0.412854,
            0.059501,
            0.273112,
            -0.02351,
            -0.227458
          ],
          [
            -0.385368,
            -0.18223,
            -0.035744,
            -0.02351,
            0.132185,
            -0.257396
          ],
          [
            1.597,
            5.27033,
            -0.1914,
            -0.227458,
            -0.257396,
            11.100105
          ]
        ],
        "n": 1944
      }
    },
    "SI_L": {
      "mlb": {
        "mu": [
          7.215708,
          -15.781375,
          33.462083,
          6.361267,
          93.028333
        ],
        "cov": [
          [
            21.384609,
            2.940312,
            40.73561,
            0.295529,
            3.944657
          ],
          [
            2.940312,
            8.983876,
            13.533799,
            0.175309,
            -0.387356
          ],
          [
            40.73561,
            13.533799,
            184.923706,
            -0.628,
            17.026727
          ],
          [
            0.295529,
            0.175309,
            -0.628,
            0.306709,
            -0.325861
          ],
          [
            3.944657,
            -0.387356,
            17.026727,
            -0.325861,
            7.945633
          ]
        ],
        "n": 2400
      },
      "roc": {
        "mu": [
          7.254998,
          -15.854069,
          5.586507,
          1.919944,
          6.375165,
          93.064363
        ],
        "cov": [
          [
            20.98997,
            2.975239,
            1.139229,
            -1.445621,
            0.281351,
            3.942968
          ],
          [
            2.975239,
            8.92186,
            0.399212,
            -0.65642,
            0.112976,
            -0.395987
          ],
          [
            1.139229,
            0.399212,
            0.277241,
            -0.254949,
            -0.023191,
            0.683706
          ],
          [
            -1.445621,
            -0.65642,
            -0.254949,
            0.695939,
            0.099928,
            -0.918069
          ],
          [
            0.281351,
            0.112976,
            -0.023191,
            0.099928,
            0.306162,
            -0.267387
          ],
          [
            3.942968,
            -0.395987,
            0.683706,
            -0.918069,
            -0.267387,
            7.869737
          ]
        ],
        "n": 2691
      }
    },
    "SI_R": {
      "mlb": {
        "mu": [
          7.632808,
          15.564779,
          32.975092,
          6.43418,
          94.345495
        ],
        "cov": [
          [
            24.206969,
            -0.97836,
            53.978735,
            0.335263,
            3.571427
          ],
          [
            -0.97836,
            9.262122,
            -0.606728,
            -0.122734,
            1.718755
          ],
          [
            53.978735,
            -0.606728,
            225.159843,
            0.662335,
            15.630956
          ],
          [
            0.335263,
            -0.122734,
            0.662335,
            0.165134,
            0.04255
          ],
          [
            3.571427,
            1.718755,
            15.630956,
            0.04255,
            6.728054
          ]
        ],
        "n": 5139
      },
