{
  "teams": [
    "ARI",
    "ATH",
    "ATL",
    "BAL",
    "BOS",
    "CHC",
    "CIN",
    "CLE",
    "COL",
    "CWS",
    "DET",
    "HOU",
    "KCR",
    "LAA",
    "LAD",
    "MIA",
    "MIL",
    "MIN",
    "NYM",
    "NYY",
    "PHI",
    "PIT",
    "ROC",
    "SDP",
    "SEA",
    "SFG",
    "STL",
    "TBR",
    "TEX",
    "TOR",
    "WSH"
  ],
  "pitchTypes": [
    "CH",
    "CU",
    "EP",
    "FC",
    "FF",
    "FS",
    "SI",
    "SL",
    "ST",
    "SV"
  ],
  "generatedAt": "2026-04-08 20:10",
  "totalPitches": 53187,
  "totalPitchers": 428,
  "totalHitters": 409,
  "rocTeams": [
    "ROC"
  ],
  "leagueAverages": {
    "FF": {
      "velocity": 94.56,
      "spinRate": 2312.05,
      "indVertBrk": 16.3,
      "horzBrk": 3.45,
      "relPosZ": 5.67,
      "relPosX": -0.72,
      "extension": 6.51,
      "armAngle": 39.78,
      "vaa": -4.62,
      "haa": 0.52,
      "strikePct": 0.6523,
      "izPct": 0.5235,
      "swStrRate": 0.1082,
      "swStrPct": 0.2243,
      "cswPct": 0.2825,
      "izWhiffPct": 0.176,
      "chasePct": 0.2762,
      "gbPct": 0.3122,
      "fpsPct": 0.6017,
      "breakTiltMinutes": 23,
      "breakTilt": "12:23",
      "xBA": 0.2299,
      "xSLG": 0.4166,
      "xwOBA": 0.3542,
      "count": 394
    },
    "SI": {
      "velocity": 93.94,
      "spinRate": 2185.62,
      "indVertBrk": 7.61,
      "horzBrk": 5.73,
      "relPosZ": 5.53,
      "relPosX": -0.56,
      "extension": 6.42,
      "armAngle": 33.06,
      "vaa": -5.81,
      "haa": 0.05,
      "strikePct": 0.6596,
      "izPct": 0.5503,
      "swStrRate": 0.0641,
      "swStrPct": 0.1418,
      "cswPct": 0.2761,
      "izWhiffPct": 0.0984,
      "chasePct": 0.245,
      "gbPct": 0.545,
      "fpsPct": 0.6071,
      "breakTiltMinutes": 71,
      "breakTilt": "1:11",
      "xBA": 0.2617,
      "xSLG": 0.3838,
      "xwOBA": 0.3534,
      "count": 316
    },
    "SL": {
      "velocity": 86.25,
      "spinRate": 2429.4,
      "indVertBrk": 0.97,
      "horzBrk": -1.46,
      "relPosZ": 5.79,
      "relPosX": -0.66,
      "extension": 6.36,
      "armAngle": 41.07,
      "vaa": -7.79,
      "haa": 1.1,
      "strikePct": 0.6305,
      "izPct": 0.4624,
      "swStrRate": 0.1685,
      "swStrPct": 0.3519,
      "cswPct": 0.3256,
      "izWhiffPct": 0.2131,
      "chasePct": 0.321,
      "gbPct": 0.4269,
      "fpsPct": 0.6159,
      "breakTiltMinutes": 616,
      "breakTilt": "10:16",
      "xBA": 0.2045,
      "xSLG": 0.34,
      "xwOBA": 0.2811,
      "count": 265
    },
    "FS": {
      "velocity": 86.76,
      "spinRate": 1412.23,
      "indVertBrk": 2.57,
      "horzBrk": 7.99,
      "relPosZ": 5.68,
      "relPosX": -1.09,
      "extension": 6.61,
      "armAngle": 39.38,
      "vaa": -7.76,
      "haa": 0.36,
      "strikePct": 0.5857,
      "izPct": 0.3735,
      "swStrRate": 0.1826,
      "swStrPct": 0.3661,
      "cswPct": 0.2609,
      "izWhiffPct": 0.2506,
      "chasePct": 0.3493,
      "gbPct": 0.5529,
      "fpsPct": 0.5591,
      "breakTiltMinutes": 132,
      "breakTilt": "2:12",
      "xBA": 0.1888,
      "xSLG": 0.2759,
      "xwOBA": 0.2362,
      "count": 93
    },
    "ST": {
      "velocity": 82.32,
      "spinRate": 2566.12,
      "indVertBrk": 1.26,
      "horzBrk": -4.92,
      "relPosZ": 5.44,
      "relPosX": -0.55,
      "extension": 6.33,
      "armAngle": 30.03,
      "vaa": -7.66,
      "haa": 1.32,
      "strikePct": 0.5913,
      "izPct": 0.443,
      "swStrRate": 0.1424,
      "swStrPct": 0.3183,
      "cswPct": 0.2993,
      "izWhiffPct": 0.2016,
      "chasePct": 0.2724,
      "gbPct": 0.3199,
      "fpsPct": 0.5656,
      "breakTiltMinutes": 570,
      "breakTilt": "9:30",
      "xBA": 0.1675,
      "xSLG": 0.2797,
      "xwOBA": 0.2553,
      "count": 202
    },
    "FC": {
      "velocity": 89.75,
      "spinRate": 2379.0,
      "indVertBrk": 8.63,
      "horzBrk": -1.05,
      "relPosZ": 5.67,
      "relPosX": -0.71,
      "extension": 6.41,
      "armAngle": 37.6,
      "vaa": -6.02,
      "haa": 1.09,
      "strikePct": 0.6474,
      "izPct": 0.5297,
      "swStrRate": 0.1141,
      "swStrPct": 0.2415,
      "cswPct": 0.2897,
      "izWhiffPct": 0.1731,
      "chasePct": 0.2464,
      "gbPct": 0.3798,
      "fpsPct": 0.6109,
      "breakTiltMinutes": 704,
      "breakTilt": "11:44",
      "xBA": 0.2458,
      "xSLG": 0.4269,
      "xwOBA": 0.3579,
      "count": 179
    },
    "CH": {
      "velocity": 85.96,
      "spinRate": 1759.72,
      "indVertBrk": 4.15,
      "horzBrk": 4.23,
      "relPosZ": 5.61,
      "relPosX": -0.43,
      "extension": 6.44,
      "armAngle": 36.36,
      "vaa": -7.51,
      "haa": 0.04,
      "strikePct": 0.579,
      "izPct": 0.3963,
      "swStrRate": 0.1662,
      "swStrPct": 0.3443,
      "cswPct": 0.2606,
      "izWhiffPct": 0.2487,
      "chasePct": 0.3172,
      "gbPct": 0.526,
      "fpsPct": 0.5452,
      "breakTiltMinutes": 104,
      "breakTilt": "1:44",
      "xBA": 0.2121,
      "xSLG": 0.3061,
      "xwOBA": 0.2676,
      "count": 252
    },
    "SV": {
      "velocity": 82.15,
      "spinRate": 2584.41,
      "indVertBrk": -6.57,
      "horzBrk": -10.53,
      "relPosZ": 5.77,
      "relPosX": -1.6,
      "extension": 6.39,
      "armAngle": 37.44,
      "vaa": -8.98,
      "haa": 3.09,
      "strikePct": 0.5974,
      "izPct": 0.4289,
      "swStrRate": 0.1474,
      "swStrPct": 0.3398,
      "cswPct": 0.3118,
      "izWhiffPct": 0.1301,
      "chasePct": 0.3121,
      "gbPct": 0.4163,
      "fpsPct": 0.5619,
      "breakTiltMinutes": 472,
      "breakTilt": "7:52",
      "xBA": 0.1891,
      "xSLG": 0.3168,
      "xwOBA": 0.3023,
      "count": 30
    },
    "CU": {
      "velocity": 80.41,
      "spinRate": 2549.39,
      "indVertBrk": -11.91,
      "horzBrk": -4.26,
      "relPosZ": 5.96,
      "relPosX": -0.73,
      "extension": 6.4,
      "armAngle": 44.67,
      "vaa": -9.89,
      "haa": 1.32,
      "strikePct": 0.5707,
      "izPct": 0.42,
      "swStrRate": 0.125,
      "swStrPct": 0.3149,
      "cswPct": 0.2992,
      "izWhiffPct": 0.1627,
      "chasePct": 0.2712,
      "gbPct": 0.5165,
      "fpsPct": 0.5276,
      "breakTiltMinutes": 391,
      "breakTilt": "6:31",
      "xBA": 0.2025,
      "xSLG": 0.3252,
      "xwOBA": 0.2799,
      "count": 187
    }
  },
  "pitcherLeagueAverages": {
    "strikePct": 0.6279,
    "izPct": 0.485,
    "swStrRate": 0.1232,
    "swStrPct": 0.2657,
    "cswPct": 0.2875,
    "izWhiffPct": 0.1776,
    "chasePct": 0.2853,
    "gbPct": 0.4287,
    "kPct": 0.2346,
    "bbPct": 0.0973,
    "kbbPct": 0.1373,
    "babip": 0.2871,
    "fpsPct": 0.5917,
    "twoStrikeWhiffPct": 0.2605,
    "relPosZ": 5.6563,
    "relPosX": -0.6669,
    "extension": 6.4387,
    "armAngle": 37.7667,
    "vaa": -6.4754,
    "haa": 0.6662,
    "avgEVAgainst": 88.8522,
    "maxEVAgainst": 108.4508,
    "hardHitPct": 0.3995,
    "barrelPctAgainst": 0.0828,
    "ldPct": 0.2253,
    "fbPct": 0.2662,
    "puPct": 0.0771,
    "hrFbPct": 0.1062,
    "wOBA": 0.312,
    "xBA": 0.2218,
    "xSLG": 0.3639,
    "xwOBA": 0.3167,
    "xwOBAcon": 0.3689,
    "count": 428,
    "era": 3.95,
    "hr9": 0.94,
    "fip": 3.91,
    "xFIP": 3.93,
    "siera": 3.94
  },
  "hitterLeagueAverages": {
    "wOBA": 0.3127,
    "xBA": 0.2222,
    "xSLG": 0.3652,
    "xwOBA": 0.3168,
    "xwOBAcon": 0.3673,
    "xwOBAsp": 0.364,
    "avgEVAll": 88.8741,
    "ev50": 99.6924,
    "maxEV": 107.0227,
    "hardHitPct": 0.3999,
    "barrelPct": 0.0833,
    "sacqPct": 0.279,
    "gbPct": 0.4308,
    "ldPct": 0.2258,
    "fbPct": 0.2664,
    "puPct": 0.077,
    "hrFbPct": 0.1113,
    "pullPct": 0.3168,
    "middlePct": 0.1877,
    "oppoPct": 0.1762,
    "airPullPct": 0.1294,
    "swingPct": 0.4647,
    "izSwingPct": 0.6505,
    "chasePct": 0.2883,
    "izSwChase": 0.3622,
    "contactPct": 0.737,
    "izContactPct": 0.8253,
    "whiffPct": 0.263,
    "batSpeed": 70.9859,
    "swingLength": 7.2932,
    "attackAngle": 9.8908,
    "attackDirection": -1.5903,
    "swingPathTilt": 32.1208,
    "twoStrikeWhiffPct": 0.2626,
    "firstPitchSwingPct": 0.3024,
    "avgFbDist": 309.8364,
    "avgHrDist": 393.3752,
    "sprintSpeed": 26.7324,
    "runValue": -0.0439,
    "count": 409
  },
  "vaaRegressions": {
    "CH": {
      "slope": 1.083687,
      "intercept": -9.475629,
      "leagueAvgPlateZ": 1.812762
    },
    "CU": {
      "slope": 0.974834,
      "intercept": -11.658265,
      "leagueAvgPlateZ": 1.817403
    },
    "EP": {
      "slope": 0.938882,
      "intercept": -17.359429,
      "leagueAvgPlateZ": 2.878557
    },
    "FC": {
      "slope": 1.097328,
      "intercept": -8.782766,
      "leagueAvgPlateZ": 2.521624
    },
    "FF": {
      "slope": 1.065583,
      "intercept": -7.684632,
      "leagueAvgPlateZ": 2.872704
    },
    "FS": {
      "slope": 1.074409,
      "intercept": -9.597701,
      "leagueAvgPlateZ": 1.711159
    },
    "SI": {
      "slope": 1.085539,
      "intercept": -8.455232,
      "leagueAvgPlateZ": 2.43437
    },
    "SL": {
      "slope": 1.0816,
      "intercept": -9.889013,
      "leagueAvgPlateZ": 1.938941
    },
    "ST": {
      "slope": 1.12896,
      "intercept": -9.944443,
      "leagueAvgPlateZ": 2.024393
    },
    "SV": {
      "slope": 1.092456,
      "intercept": -10.989058,
      "leagueAvgPlateZ": 1.84375
    }
  },
  "haaRegressions": {
    "CH": {
      "slope": 0.752479,
      "intercept": 0.084792,
      "leagueAvgPlateX": -0.065152
    },
    "CU": {
      "slope": 1.259077,
      "intercept": 1.257632,
      "leagueAvgPlateX": 0.050207
    },
    "EP": {
      "slope": 0.995547,
      "intercept": 1.10409,
      "leagueAvgPlateX": 0.015567
    },
    "FC": {
      "slope": 1.724097,
      "intercept": 0.862654,
      "leagueAvgPlateX": 0.132848
    },
    "FF": {
      "slope": 1.0366,
      "intercept": 0.523182,
      "leagueAvgPlateX": -0.001568
    },
    "FS": {
      "slope": 0.850426,
      "intercept": 0.502844,
      "leagueAvgPlateX": -0.164222
    },
    "SI": {
      "slope": 0.816308,
      "intercept": 0.103905,
      "leagueAvgPlateX": -0.071009
    },
    "SL": {
      "slope": 1.829372,
      "intercept": 0.809231,
      "leagueAvgPlateX": 0.156132
    },
    "ST": {
      "slope": 2.365096,
      "intercept": 0.89893,
      "leagueAvgPlateX": 0.176091
    },
    "SV": {
      "slope": 1.58728,
      "intercept": 2.783819,
      "leagueAvgPlateX": 0.193684
    }
  },
  "sacqZones": [
    {
      "spray": "center",
      "laMin": null,
      "laMax": 0,
      "laBin": 0,
      "woba": 0.27,
      "xwobacon": 0.196,
      "quality": false,
      "count": 336
    },
    {
      "spray": "center",
      "laMin": 0,
      "laMax": 5,
      "laBin": 1,
      "woba": 0.528,
      "xwobacon": 0.407,
      "quality": true,
      "count": 91
    },
    {
      "spray": "center",
      "laMin": 5,
      "laMax": 10,
      "laBin": 2,
      "woba": 0.585,
      "xwobacon": 0.531,
      "quality": true,
      "count": 131
    },
    {
      "spray": "center",
      "laMin": 10,
      "laMax": 15,
      "laBin": 3,
      "woba": 0.682,
      "xwobacon": 0.717,
      "quality": true,
      "count": 122
    },
    {
      "spray": "center",
      "laMin": 15,
      "laMax": 20,
      "laBin": 4,
      "woba": 0.523,
      "xwobacon": 0.664,
      "quality": true,
      "count": 149
    },
    {
      "spray": "center",
      "laMin": 20,
      "laMax": 25,
      "laBin": 5,
      "woba": 0.347,
      "xwobacon": 0.644,
      "quality": false,
      "count": 153
    },
    {
      "spray": "center",
      "laMin": 25,
      "laMax": 30,
      "laBin": 6,
      "woba": 0.315,
      "xwobacon": 0.754,
      "quality": false,
      "count": 154
    },
    {
      "spray": "center",
      "laMin": 30,
      "laMax": 35,
      "laBin": 7,
      "woba": 0.222,
      "xwobacon": 0.589,
      "quality": false,
      "count": 122
    },
    {
      "spray": "center",
      "laMin": 35,
      "laMax": 40,
      "laBin": 8,
      "woba": 0.141,
      "xwobacon": 0.382,
      "quality": false,
      "count": 88
    },
    {
      "spray": "center",
      "laMin": 40,
      "laMax": 50,
      "laBin": 9,
      "woba": 0.066,
      "xwobacon": 0.09,
      "quality": false,
      "count": 154
    },
    {
      "spray": "center",
      "laMin": 50,
      "laMax": null,
      "laBin": 10,
      "woba": 0.011,
      "xwobacon": 0.023,
      "quality": false,
      "count": 120
    },
    {
      "spray": "oppo",
      "laMin": null,
      "laMax": 0,
      "laBin": 0,
      "woba": 0.315,
      "xwobacon": 0.174,
      "quality": false,
      "count": 231
    },
    {
      "spray": "oppo",
      "laMin": 0,
      "laMax": 5,
      "laBin": 1,
      "woba": 0.511,
      "xwobacon": 0.33,
      "quality": true,
      "count": 66
    },
    {
      "spray": "oppo",
      "laMin": 5,
      "laMax": 10,
      "laBin": 2,
      "woba": 0.742,
      "xwobacon": 0.485,
      "quality": true,
      "count": 64
    },
    {
      "spray": "oppo",
      "laMin": 10,
      "laMax": 15,
      "laBin": 3,
      "woba": 0.75,
      "xwobacon": 0.672,
      "quality": true,
      "count": 75
    },
    {
      "spray": "oppo",
      "laMin": 15,
      "laMax": 20,
      "laBin": 4,
      "woba": 0.62,
      "xwobacon": 0.646,
      "quality": true,
      "count": 76
    },
    {
      "spray": "oppo",
      "laMin": 20,
      "laMax": 25,
      "laBin": 5,
      "woba": 0.472,
      "xwobacon": 0.555,
      "quality": false,
      "count": 100
    },
    {
      "spray": "oppo",
      "laMin": 25,
      "laMax": 30,
      "laBin": 6,
      "woba": 0.495,
      "xwobacon": 0.518,
      "quality": false,
      "count": 109
    },
    {
      "spray": "oppo",
      "laMin": 30,
      "laMax": 35,
      "laBin": 7,
      "woba": 0.372,
      "xwobacon": 0.3,
      "quality": false,
      "count": 104
    },
    {
      "spray": "oppo",
      "laMin": 35,
      "laMax": 40,
      "laBin": 8,
      "woba": 0.196,
      "xwobacon": 0.135,
      "quality": false,
      "count": 98
    },
    {
      "spray": "oppo",
      "laMin": 40,
      "laMax": 50,
      "laBin": 9,
      "woba": 0.096,
      "xwobacon": 0.063,
      "quality": false,
      "count": 188
    },
    {
      "spray": "oppo",
      "laMin": 50,
      "laMax": null,
      "laBin": 10,
      "woba": 0.05,
      "xwobacon": 0.016,
      "quality": false,
      "count": 414
    },
    {
      "spray": "oppo_side",
      "laMin": null,
      "laMax": 0,
      "laBin": 0,
      "woba": 0.211,
      "xwobacon": 0.173,
      "quality": false,
      "count": 234
    },
    {
      "spray": "oppo_side",
      "laMin": 0,
      "laMax": 5,
      "laBin": 1,
      "woba": 0.266,
      "xwobacon": 0.392,
      "quality": false,
      "count": 75
    },
    {
      "spray": "oppo_side",
      "laMin": 5,
      "laMax": 10,
      "laBin": 2,
      "woba": 0.362,
      "xwobacon": 0.435,
      "quality": false,
      "count": 85
    },
    {
      "spray": "oppo_side",
      "laMin": 10,
      "laMax": 15,
      "laBin": 3,
      "woba": 0.778,
      "xwobacon": 0.729,
      "quality": true,
      "count": 92
    },
    {
      "spray": "oppo_side",
      "laMin": 15,
      "laMax": 20,
      "laBin": 4,
      "woba": 0.592,
      "xwobacon": 0.624,
      "quality": true,
      "count": 95
    },
    {
      "spray": "oppo_side",
      "laMin": 20,
      "laMax": 25,
      "laBin": 5,
      "woba": 0.612,
      "xwobacon": 0.643,
      "quality": true,
      "count": 97
    },
    {
      "spray": "oppo_side",
      "laMin": 25,
      "laMax": 30,
      "laBin": 6,
      "woba": 0.41,
      "xwobacon": 0.619,
      "quality": false,
      "count": 83
    },
    {
      "spray": "oppo_side",
      "laMin": 30,
      "laMax": 35,
      "laBin": 7,
      "woba": 0.258,
      "xwobacon": 0.477,
      "quality": false,
      "count": 106
    },
    {
      "spray": "oppo_side",
      "laMin": 35,
      "laMax": 40,
      "laBin": 8,
      "woba": 0.063,
      "xwobacon": 0.268,
      "quality": false,
      "count": 76
    },
    {
      "spray": "oppo_side",
      "laMin": 40,
      "laMax": 50,
      "laBin": 9,
      "woba": 0.031,
      "xwobacon": 0.065,
      "quality": false,
      "count": 92
    },
    {
      "spray": "oppo_side",
      "laMin": 50,
      "laMax": null,
      "laBin": 10,
      "woba": 0.015,
      "xwobacon": 0.019,
      "quality": false,
      "count": 126
    },
    {
      "spray": "pull",
      "laMin": null,
      "laMax": 0,
      "laBin": 0,
      "woba": 0.164,
      "xwobacon": 0.153,
      "quality": false,
      "count": 1208
    },
    {
      "spray": "pull",
      "laMin": 0,
      "laMax": 5,
      "laBin": 1,
      "woba": 0.363,
      "xwobacon": 0.374,
      "quality": false,
      "count": 233
    },
    {
      "spray": "pull",
      "laMin": 5,
      "laMax": 10,
      "laBin": 2,
      "woba": 0.5,
      "xwobacon": 0.525,
      "quality": false,
      "count": 213
    },
    {
      "spray": "pull",
      "laMin": 10,
      "laMax": 15,
      "laBin": 3,
      "woba": 0.836,
      "xwobacon": 0.76,
      "quality": true,
      "count": 212
    },
    {
      "spray": "pull",
      "laMin": 15,
      "laMax": 20,
      "laBin": 4,
      "woba": 0.854,
      "xwobacon": 0.698,
      "quality": true,
      "count": 176
    },
    {
      "spray": "pull",
      "laMin": 20,
      "laMax": 25,
      "laBin": 5,
      "woba": 1.012,
      "xwobacon": 0.825,
      "quality": true,
      "count": 166
    },
    {
      "spray": "pull",
      "laMin": 25,
      "laMax": 30,
      "laBin": 6,
      "woba": 1.148,
      "xwobacon": 0.929,
      "quality": true,
      "count": 137
    },
    {
      "spray": "pull",
      "laMin": 30,
      "laMax": 35,
      "laBin": 7,
      "woba": 0.964,
      "xwobacon": 0.668,
      "quality": true,
      "count": 100
    },
    {
      "spray": "pull",
      "laMin": 35,
      "laMax": 40,
      "laBin": 8,
      "woba": 0.897,
      "xwobacon": 0.579,
      "quality": true,
      "count": 68
    },
    {
      "spray": "pull",
      "laMin": 40,
      "laMax": 50,
      "laBin": 9,
      "woba": 0.308,
      "xwobacon": 0.135,
      "quality": false,
      "count": 87
    },
    {
      "spray": "pull",
      "laMin": 50,
      "laMax": null,
      "laBin": 10,
      "woba": 0.042,
      "xwobacon": 0.016,
      "quality": false,
      "count": 124
    },
    {
      "spray": "pull_side",
      "laMin": null,
      "laMax": 0,
      "laBin": 0,
      "woba": 0.139,
      "xwobacon": 0.165,
      "quality": false,
      "count": 600
    },
    {
      "spray": "pull_side",
      "laMin": 0,
      "laMax": 5,
      "laBin": 1,
      "woba": 0.24,
      "xwobacon": 0.384,
      "quality": false,
      "count": 136
    },
    {
      "spray": "pull_side",
      "laMin": 5,
      "laMax": 10,
      "laBin": 2,
      "woba": 0.365,
      "xwobacon": 0.496,
      "quality": false,
      "count": 138
    },
    {
      "spray": "pull_side",
      "laMin": 10,
      "laMax": 15,
      "laBin": 3,
      "woba": 0.678,
      "xwobacon": 0.756,
      "quality": true,
      "count": 113
    },
    {
      "spray": "pull_side",
      "laMin": 15,
      "laMax": 20,
      "laBin": 4,
      "woba": 0.742,
      "xwobacon": 0.701,
      "quality": true,
      "count": 117
    },
    {
      "spray": "pull_side",
      "laMin": 20,
      "laMax": 25,
      "laBin": 5,
      "woba": 0.853,
      "xwobacon": 0.822,
      "quality": true,
      "count": 101
    },
    {
      "spray": "pull_side",
      "laMin": 25,
      "laMax": 30,
      "laBin": 6,
      "woba": 0.91,
      "xwobacon": 0.941,
      "quality": true,
      "count": 78
    },
    {
      "spray": "pull_side",
      "laMin": 30,
      "laMax": 35,
      "laBin": 7,
      "woba": 0.782,
      "xwobacon": 0.692,
      "quality": true,
      "count": 79
    },
    {
      "spray": "pull_side",
      "laMin": 35,
      "laMax": 40,
      "laBin": 8,
      "woba": 0.207,
      "xwobacon": 0.328,
      "quality": false,
      "count": 57
    },
    {
      "spray": "pull_side",
      "laMin": 40,
      "laMax": 50,
      "laBin": 9,
      "woba": 0.029,
      "xwobacon": 0.144,
      "quality": false,
      "count": 79
    },
    {
      "spray": "pull_side",
      "laMin": 50,
      "laMax": null,
      "laBin": 10,
      "woba": 0.0,
      "xwobacon": 0.018,
      "quality": false,
      "count": 85
    }
  ],
  "mvnModels": {
    "CH_L": {
      "mlb": {
        "mu": [
          4.310226,
          -14.504637,
          37.342212,
          6.380363,
          84.520392
        ],
        "cov": [
          [
            28.520252,
            0.835574,
            35.500205,
            0.315925,
            -2.143022
          ],
          [
            0.835574,
            9.81184,
            6.935371,
            0.106601,
            -2.425057
          ],
          [
            35.500205,
            6.935371,
            113.336171,
            0.061672,
            2.141417
          ],
          [
            0.315925,
            0.106601,
            0.061672,
            0.197101,
            -0.253214
          ],
          [
            -2.143022,
            -2.425057,
            2.141417,
            -0.253214,
            10.644861
          ]
        ],
        "n": 1682
      },
      "roc": {
        "mu": [
          4.554971,
          -14.445463,
          5.670613,
          1.836636,
          6.401549,
          84.568243
        ],
        "cov": [
          [
            28.949352,
            1.52842,
            0.897519,
            -1.321727,
            0.299355,
            -1.743966
          ],
          [
            1.52842,
            10.269627,
            0.108769,
            0.067487,
            0.121962,
            -2.470348
          ],
          [
            0.897519,
            0.108769,
            0.151818,
            -0.126764,
            -0.002425,
            0.17246
          ],
          [
            -1.321727,
            0.067487,
            -0.126764,
            0.584572,
            0.062239,
            -0.584723
          ],
          [
            0.299355,
            0.121962,
            -0.002425,
            0.062239,
            0.194917,
            -0.234857
          ],
          [
            -1.743966,
            -2.470348,
            0.17246,
            -0.584723,
            -0.234857,
            10.603404
          ]
        ],
        "n": 2072
      }
    },
    "CH_R": {
      "mlb": {
        "mu": [
          3.910101,
          14.896141,
          35.790168,
          6.465564,
          86.804262
        ],
        "cov": [
          [
            23.719975,
            1.961617,
            28.259948,
            0.068915,
            -2.094595
          ],
          [
            1.961617,
            12.854322,
            -7.961918,
            -0.022867,
            0.299996
          ],
          [
            28.259948,
            -7.961918,
            139.159041,
            0.072181,
            -3.518958
          ],
          [
            0.068915,
            -0.022867,
            0.072181,
            0.138553,
            -0.084442
          ],
          [
            -2.094595,
            0.299996,
            -3.518958,
            -0.084442,
            11.275091
          ]
        ],
        "n": 2980
      },
      "roc": {
        "mu": [
          3.960992,
          14.906102,
          5.591833,
          -1.733282,
          6.450648,
          86.770226
        ],
        "cov": [
          [
            22.722848,
            1.367908,
            0.874885,
            0.455325,
            0.052521,
            -1.82044
          ],
          [
            1.367908,
            15.654415,
            -0.341008,
            -0.315991,
            0.002685,
            0.91061
          ],
          [
            0.874885,
            -0.341008,
            0.179389,
            0.091926,
            -0.017617,
            -0.112535
          ],
          [
            0.455325,
            -0.315991,
            0.091926,
            0.455032,
            -0.003432,
            0.201086
          ],
          [
            0.052521,
            0.002685,
            -0.017617,
            -0.003432,
            0.141117,
            -0.077625
          ],
          [
            -1.82044,
            0.91061,
            -0.112535,
            0.201086,
            -0.077625,
            10.468549
          ]
        ],
        "n": 3671
      }
    },
    "CU_L": {
      "mlb": {
        "mu": [
          -11.556118,
          7.466824,
          46.789059,
          6.273271,
          79.406471
        ],
        "cov": [
          [
            18.766659,
            -6.44674,
            -12.632758,
            0.302898,
            6.165252
          ],
          [
            -6.44674,
            17.971218,
            -3.760151,
            -0.270564,
            -9.037948
          ],
          [
            -12.632758,
            -3.760151,
            78.217984,
            0.905708,
            -5.394052
          ],
          [
            0.302898,
            -0.270564,
            0.905708,
            0.184505,
            0.175819
          ],
          [
            6.165252,
            -9.037948,
            -5.394052,
            0.175819,
            16.46838
          ]
        ],
        "n": 850
      },
      "roc": {
        "mu": [
          -11.411704,
          7.572004,
          6.026114,
          1.615805,
          6.297275,
          79.595318
        ],
        "cov": [
          [
            18.395261,
            -6.989597,
            -0.441854,
            1.40324,
            0.314797,
            5.826318
          ],
          [
            -6.989597,
            19.873677,
            0.262798,
            -0.215851,
            -0.315609,
            -8.342455
          ],
          [
            -0.441854,
            0.262798,
            0.111184,
            -0.084127,
            -0.041724,
            -0.386865
          ],
          [
            1.40324,
            -0.215851,
            -0.084127,
            0.434247,
            0.025143,
            0.046266
          ],
          [
            0.314797,
            -0.315609,
            -0.041724,
            0.025143,
            0.176593,
            0.177779
          ],
          [
            5.826318,
            -8.342455,
            -0.386865,
            0.046266,
            0.177779,
            14.972799
          ]
        ],
        "n": 1068
      }
    },
    "CU_R": {
      "mlb": {
        "mu": [
          -11.956576,
          -8.678778,
          43.789434,
          6.420107,
          80.764913
        ],
        "cov": [
          [
            12.574634,
            0.961554,
            -12.249733,
            0.040549,
            2.587581
          ],
          [
            0.961554,
            20.912359,
            21.092437,
            0.045107,
            7.593319
          ],
          [
            -12.249733,
            21.092437,
            95.156583,
            -0.020309,
            2.601641
          ],
          [
            0.040549,
            0.045107,
            -0.020309,
            0.157564,
            0.093125
          ],
          [
            2.587581,
            7.593319,
            2.601641,
            0.093125,
            15.331957
          ]
        ],
        "n": 2243
      },
      "roc": {
        "mu": [
          -12.081746,
          -8.706519,
          5.931633,
          -1.631594,
          6.429171,
          80.672148
        ],
        "cov": [
          [
            12.821326,
            1.390478,
            -0.463543,
            -0.463397,
            0.058663,
            2.794498
          ],
          [
            1.390478,
            21.241559,
            0.572707,
            0.427621,
            0.039678,
            7.758076
          ],
          [
            -0.463543,
            0.572707,
            0.170073,
            0.084428,
            -0.043783,
            -0.168969
          ],
          [
            -0.463397,
            0.427621,
            0.084428,
            0.437074,
            -0.029839,
            -0.038668
          ],
          [
            0.058663,
            0.039678,
            -0.043783,
            -0.029839,
            0.155856,
            0.132459
          ],
          [
            2.794498,
            7.758076,
            -0.168969,
            -0.038668,
            0.132459,
            14.913191
          ]
        ],
        "n": 2761
      }
    },
    "FC_L": {
      "mlb": {
        "mu": [
          8.320938,
          1.636613,
          38.317048,
          6.372929,
          88.823913
        ],
        "cov": [
          [
            7.831898,
            -2.630493,
            0.200273,
            -0.017695,
            1.154745
          ],
          [
            -2.630493,
            8.378108,
            5.789261,
            0.001505,
            -0.43594
          ],
          [
            0.200273,
            5.789261,
            91.383065,
            -0.151226,
            8.745881
          ],
          [
            -0.017695,
            0.001505,
            -0.151226,
            0.148222,
            0.206558
          ],
          [
            1.154745,
            -0.43594,
            8.745881,
            0.206558,
            5.752795
          ]
        ],
        "n": 874
      },
      "roc": {
        "mu": [
          8.487442,
          1.683349,
          5.725367,
          1.964567,
          6.407163,
          88.963349
        ],
        "cov": [
          [
            8.778082,
            -2.70115,
            -0.067214,
            -0.013076,
            -0.034982,
            1.475545
          ],
          [
            -2.70115,
            7.863382,
            0.249968,
            0.151464,
            0.027005,
            -0.271775
          ],
          [
            -0.067214,
            0.249968,
            0.126036,
            -0.102542,
            -0.009472,
            0.322943
          ],
          [
            -0.013076,
            0.151464,
            -0.102542,
            0.531568,
            0.090545,
            -0.316984
          ],
          [
            -0.034982,
            0.027005,
            -0.009472,
            0.090545,
            0.139692,
            0.214458
          ],
          [
            1.475545,
            -0.271775,
            0.322943,
            -0.316984,
            0.214458,
            5.494614
          ]
        ],
        "n": 1075
      }
    },
    "FC_R": {
      "mlb": {
        "mu": [
          8.669791,
          -1.988293,
          37.53246,
          6.404359,
          90.106304
        ],
        "cov": [
          [
            9.720357,
            1.433945,
            6.668364,
            0.069839,
            2.474359
          ],
          [
            1.433945,
            8.758602,
            -9.787174,
            -0.156802,
            2.094422
          ],
          [
            6.668364,
            -9.787174,
            121.18809,
            -0.121066,
            3.475614
          ],
          [
            0.069839,
            -0.156802,
            -0.121066,
            0.203925,
            0.052065
          ],
          [
            2.474359,
            2.094422,
            3.475614,
            0.052065,
            8.869559
          ]
        ],
        "n": 2443
      },
      "roc": {
        "mu": [
          8.628338,
          -2.032305,
          5.641288,
          -1.693394,
          6.377657,
          89.894144
        ],
        "cov": [
          [
            10.066869,
            1.2061,
            0.207391,
            0.456574,
            0.094572,
            2.753832
          ],
          [
            1.2061,
            8.892714,
            -0.358319,
            -0.26051,
            -0.123575,
            1.786145
          ],
          [
            0.207391,
            -0.358319,
            0.177041,
            0.103854,
            -0.036506,
            0.066057
          ],
          [
            0.456574,
            -0.26051,
            0.103854,
            0.478245,
            -0.054993,
            0.245194
          ],
          [
            0.094572,
            -0.123575,
            -0.036506,
            -0.054993,
            0.206939,
            0.135285
          ],
          [
            2.753832,
            1.786145,
            0.066057,
            0.245194,
            0.135285,
            8.815355
          ]
        ],
        "n": 3176
      }
    },
    "FF_L": {
      "mlb": {
        "mu": [
          16.312359,
          -8.149085,
          40.720679,
          6.45196,
          93.401427
        ],
        "cov": [
          [
            8.179004,
            4.06125,
            22.003243,
            0.027553,
            0.220147
          ],
          [
            4.06125,
            16.019015,
            26.745788,
            0.281655,
            -0.654931
          ],
          [
            22.003243,
            26.745788,
            139.146882,
            0.611036,
            2.555028
          ],
          [
            0.027553,
            0.281655,
            0.611036,
            0.180898,
            -0.125364
          ],
          [
            0.220147,
            -0.654931,
            2.555028,
            -0.125364,
            5.602258
          ]
        ],
        "n": 3714
      },
      "roc": {
        "mu": [
          16.443727,
          -7.891715,
          5.723398,
          1.733947,
          6.470148,
          93.334302
        ],
        "cov": [
          [
            8.108458,
            3.410159,
            0.468051,
            -0.872072,
            0.037337,
            0.527129
          ],
          [
            3.410159,
            15.993976,
            0.630586,
            -0.929844,
            0.263861,
            -0.481044
          ],
          [
            0.468051,
            0.630586,
            0.147565,
            -0.139986,
            -0.014102,
            0.054787
          ],
          [
            -0.872072,
            -0.929844,
            -0.139986,
            0.52161,
            0.00843,
            -0.259856
          ],
          [
            0.037337,
            0.263861,
            -0.014102,
            0.00843,
            0.171271,
            -0.122817
          ],
          [
            0.527129,
            -0.481044,
            0.054787,
            -0.259856,
            -0.122817,
            5.40336
          ]
        ],
        "n": 4647
      }
    },
    "FF_R": {
      "mlb": {
        "mu": [
          16.19199,
          7.740058,
          39.367881,
          6.522225,
          95.051001
        ],
        "cov": [
          [
            7.553998,
            -2.645367,
            17.475368,
            0.191022,
            0.457442
          ],
          [
            -2.645367,
            15.614515,
            -26.625562,
            -0.302818,
            -0.561366
          ],
          [
            17.475368,
            -26.625562,
            136.800234,
            0.640033,
            4.27191
          ],
          [
            0.191022,
            -0.302818,
            0.640033,
            0.18683,
            0.054675
          ],
          [
            0.457442,
            -0.561366,
            4.27191,
            0.054675,
            5.57356
          ]
        ],
        "n": 9988
      },
      "roc": {
        "mu": [
          16.247931,
          7.816054,
          5.652793,
          -1.631368,
          6.509306,
          94.997098
        ],
        "cov": [
          [
            7.995959,
            -2.91939,
            0.48692,
            0.605228,
            0.201699,
            0.319292
          ],
          [
            -2.91939,
            16.925736,
            -0.770581,
            -0.883873,
            -0.265179,
            -0.297614
          ],
          [
            0.48692,
            -0.770581,
            0.185019,
            0.121738,
            -0.013833,
            0.128178
          ],
          [
            0.605228,
            -0.883873,
            0.121738,
            0.44379,
            -0.004414,
            0.160962
          ],
          [
            0.201699,
            -0.265179,
            -0.013833,
            -0.004414,
            0.180332,
            0.064893
          ],
          [
            0.319292,
            -0.297614,
            0.128178,
            0.160962,
            0.064893,
            5.500693
          ]
        ],
        "n": 12545
      }
    },
    "FS_L": {
      "mlb": {
        "mu": [
          2.843168,
          -10.917391,
          37.041925,
          6.438478,
          85.282919
        ],
        "cov": [
          [
            25.359096,
            1.863214,
            24.70859,
            0.585175,
            2.517656
          ],
          [
            1.863214,
            19.54574,
            13.92989,
            0.189892,
            -4.515563
          ],
          [
            24.70859,
            13.92989,
            97.179078,
            0.860052,
            2.960718
          ],
          [
            0.585175,
            0.189892,
            0.860052,
            0.233528,
            0.033781
          ],
          [
            2.517656,
            -4.515563,
            2.960718,
            0.033781,
            6.284536
          ]
        ],
        "n": 322
      },
      "roc": {
        "mu": [
          3.117287,
          -10.884043,
          5.623856,
          1.774814,
          6.488963,
          85.42234
        ],
        "cov": [
          [
            26.495354,
            2.414177,
            0.20672,
            -0.896273,
            0.654911,
            2.654359
          ],
          [
            2.414177,
            18.334411,
            0.121469,
            0.531174,
            0.154251,
            -3.968437
          ],
          [
            0.20672,
            0.121469,
            0.095516,
            -0.1334,
            0.02807,
            0.188586
          ],
          [
            -0.896273,
            0.531174,
            -0.1334,
            0.440972,
            -0.075753,
            -0.661505
          ],
          [
            0.654911,
            0.154251,
            0.02807,
            -0.075753,
            0.220272,
            0.083413
          ],
          [
            2.654359,
            -3.968437,
            0.188586,
            -0.661505,
            0.083413,
            5.848406
          ]
        ],
        "n": 376
      }
    },
    "FS_R": {
      "mlb": {
        "mu": [
          2.362306,
          11.680905,
          39.558153,
          6.628258,
          87.014693
        ],
        "cov": [
          [
            22.611382,
            3.832872,
            23.00813,
            -0.394299,
            1.646745
          ],
          [
            3.832872,
            21.158891,
            -11.496873,
            -0.203806,
            5.582247
          ],
          [
            23.00813,
            -11.496873,
            92.442286,
            -0.064375,
            -7.396283
          ],
          [
            -0.394299,
            -0.203806,
            -0.064375,
            0.130907,
            -0.281863
          ],
          [
            1.646745,
            5.582247,
            -7.396283,
            -0.281863,
            11.204765
          ]
        ],
        "n": 1613
      },
      "roc": {
        "mu": [
          2.529394,
