{
  "teams": [
    "ARI",
    "ATH",
    "ATL",
    "BAL",
    "BOS",
    "CHC",
    "CIN",
    "CLE",
    "COL",
    "CWS",
    "DET",
    "HOU",
    "KCR",
    "LAA",
    "LAD",
    "MIA",
    "MIL",
    "MIN",
    "NYM",
    "NYY",
    "PHI",
    "PIT",
    "ROC",
    "SDP",
    "SEA",
    "SFG",
    "STL",
    "TBR",
    "TEX",
    "TOR",
    "WSH"
  ],
  "pitchTypes": [
    "CH",
    "CU",
    "EP",
    "FC",
    "FF",
    "FS",
    "SI",
    "SL",
    "ST",
    "SV"
  ],
  "generatedAt": "2026-04-09 15:05",
  "totalPitches": 54690,
  "totalPitchers": 430,
  "totalHitters": 410,
  "rocTeams": [
    "ROC"
  ],
  "leagueAverages": {
    "FF": {
      "velocity": 94.56,
      "spinRate": 2313.66,
      "indVertBrk": 16.31,
      "horzBrk": 3.54,
      "relPosZ": 5.67,
      "relPosX": -0.73,
      "extension": 6.51,
      "armAngle": 39.7,
      "vaa": -4.62,
      "haa": 0.52,
      "strikePct": 0.6525,
      "izPct": 0.5241,
      "swStrRate": 0.1074,
      "swStrPct": 0.2231,
      "cswPct": 0.283,
      "izWhiffPct": 0.1749,
      "chasePct": 0.2752,
      "gbPct": 0.3163,
      "fpsPct": 0.6006,
      "breakTiltMinutes": 23,
      "breakTilt": "12:23",
      "xBA": 0.2409,
      "xSLG": 0.4317,
      "xwOBA": 0.3483,
      "count": 397
    },
    "SI": {
      "velocity": 93.9,
      "spinRate": 2187.96,
      "indVertBrk": 7.59,
      "horzBrk": 5.78,
      "relPosZ": 5.53,
      "relPosX": -0.56,
      "extension": 6.42,
      "armAngle": 32.99,
      "vaa": -5.81,
      "haa": 0.04,
      "strikePct": 0.6604,
      "izPct": 0.5509,
      "swStrRate": 0.064,
      "swStrPct": 0.1413,
      "cswPct": 0.2757,
      "izWhiffPct": 0.0981,
      "chasePct": 0.2468,
      "gbPct": 0.5436,
      "fpsPct": 0.6062,
      "breakTiltMinutes": 72,
      "breakTilt": "1:12",
      "xBA": 0.2772,
      "xSLG": 0.4031,
      "xwOBA": 0.3531,
      "count": 318
    },
    "SL": {
      "velocity": 86.25,
      "spinRate": 2430.47,
      "indVertBrk": 0.97,
      "horzBrk": -1.49,
      "relPosZ": 5.79,
      "relPosX": -0.67,
      "extension": 6.36,
      "armAngle": 40.89,
      "vaa": -7.79,
      "haa": 1.11,
      "strikePct": 0.6283,
      "izPct": 0.4626,
      "swStrRate": 0.1673,
      "swStrPct": 0.351,
      "cswPct": 0.3242,
      "izWhiffPct": 0.2145,
      "chasePct": 0.3167,
      "gbPct": 0.4269,
      "fpsPct": 0.613,
      "breakTiltMinutes": 615,
      "breakTilt": "10:15",
      "xBA": 0.2199,
      "xSLG": 0.3642,
      "xwOBA": 0.2876,
      "count": 266
    },
    "FS": {
      "velocity": 86.79,
      "spinRate": 1412.52,
      "indVertBrk": 2.57,
      "horzBrk": 8.03,
      "relPosZ": 5.68,
      "relPosX": -1.1,
      "extension": 6.61,
      "armAngle": 39.33,
      "vaa": -7.76,
      "haa": 0.37,
      "strikePct": 0.5853,
      "izPct": 0.3735,
      "swStrRate": 0.1827,
      "swStrPct": 0.3664,
      "cswPct": 0.2603,
      "izWhiffPct": 0.2507,
      "chasePct": 0.3489,
      "gbPct": 0.5557,
      "fpsPct": 0.5607,
      "breakTiltMinutes": 133,
      "breakTilt": "2:13",
      "xBA": 0.1982,
      "xSLG": 0.2861,
      "xwOBA": 0.237,
      "count": 94
    },
    "ST": {
      "velocity": 82.34,
      "spinRate": 2568.2,
      "indVertBrk": 1.3,
      "horzBrk": -5.18,
      "relPosZ": 5.44,
      "relPosX": -0.59,
      "extension": 6.33,
      "armAngle": 30.01,
      "vaa": -7.65,
      "haa": 1.39,
      "strikePct": 0.5911,
      "izPct": 0.4425,
      "swStrRate": 0.1419,
      "swStrPct": 0.319,
      "cswPct": 0.2989,
      "izWhiffPct": 0.203,
      "chasePct": 0.2715,
      "gbPct": 0.3263,
      "fpsPct": 0.5674,
      "breakTiltMinutes": 569,
      "breakTilt": "9:29",
      "xBA": 0.185,
      "xSLG": 0.3043,
      "xwOBA": 0.2582,
      "count": 204
    },
    "FC": {
      "velocity": 89.77,
      "spinRate": 2378.51,
      "indVertBrk": 8.63,
      "horzBrk": -1.08,
      "relPosZ": 5.67,
      "relPosX": -0.72,
      "extension": 6.41,
      "armAngle": 37.52,
      "vaa": -6.01,
      "haa": 1.11,
      "strikePct": 0.6469,
      "izPct": 0.5284,
      "swStrRate": 0.1132,
      "swStrPct": 0.2394,
      "cswPct": 0.2878,
      "izWhiffPct": 0.1689,
      "chasePct": 0.2484,
      "gbPct": 0.375,
      "fpsPct": 0.6091,
      "breakTiltMinutes": 704,
      "breakTilt": "11:44",
      "xBA": 0.259,
      "xSLG": 0.443,
      "xwOBA": 0.351,
      "count": 181
    },
    "CH": {
      "velocity": 85.96,
      "spinRate": 1760.18,
      "indVertBrk": 4.14,
      "horzBrk": 4.37,
      "relPosZ": 5.61,
      "relPosX": -0.45,
      "extension": 6.44,
      "armAngle": 36.33,
      "vaa": -7.51,
      "haa": 0.04,
      "strikePct": 0.5779,
      "izPct": 0.3976,
      "swStrRate": 0.1644,
      "swStrPct": 0.3418,
      "cswPct": 0.2591,
      "izWhiffPct": 0.2475,
      "chasePct": 0.3149,
      "gbPct": 0.5292,
      "fpsPct": 0.5439,
      "breakTiltMinutes": 103,
      "breakTilt": "1:43",
      "xBA": 0.2187,
      "xSLG": 0.3159,
      "xwOBA": 0.2657,
      "count": 253
    },
    "SV": {
      "velocity": 82.24,
      "spinRate": 2579.98,
      "indVertBrk": -6.57,
      "horzBrk": -10.54,
      "relPosZ": 5.76,
      "relPosX": -1.59,
      "extension": 6.39,
      "armAngle": 37.24,
      "vaa": -8.96,
      "haa": 3.09,
      "strikePct": 0.6003,
      "izPct": 0.4327,
      "swStrRate": 0.151,
      "swStrPct": 0.3426,
      "cswPct": 0.3173,
      "izWhiffPct": 0.1363,
      "chasePct": 0.3124,
      "gbPct": 0.4132,
      "fpsPct": 0.5683,
      "breakTiltMinutes": 472,
      "breakTilt": "7:52",
      "xBA": 0.1914,
      "xSLG": 0.3197,
      "xwOBA": 0.2605,
      "count": 30
    },
    "CU": {
      "velocity": 80.38,
      "spinRate": 2551.44,
      "indVertBrk": -11.9,
      "horzBrk": -4.2,
      "relPosZ": 5.96,
      "relPosX": -0.73,
      "extension": 6.4,
      "armAngle": 44.6,
      "vaa": -9.89,
      "haa": 1.3,
      "strikePct": 0.5715,
      "izPct": 0.4201,
      "swStrRate": 0.1262,
      "swStrPct": 0.3165,
      "cswPct": 0.2994,
      "izWhiffPct": 0.1629,
      "chasePct": 0.2706,
      "gbPct": 0.5127,
      "fpsPct": 0.5285,
      "breakTiltMinutes": 391,
      "breakTilt": "6:31",
      "xBA": 0.2148,
      "xSLG": 0.3405,
      "xwOBA": 0.2823,
      "count": 188
    }
  },
  "pitcherLeagueAverages": {
    "strikePct": 0.6277,
    "izPct": 0.4854,
    "swStrRate": 0.1226,
    "swStrPct": 0.2647,
    "cswPct": 0.2872,
    "izWhiffPct": 0.1769,
    "chasePct": 0.2844,
    "gbPct": 0.4301,
    "kPct": 0.2337,
    "bbPct": 0.0972,
    "kbbPct": 0.1365,
    "babip": 0.2881,
    "fpsPct": 0.5913,
    "twoStrikeWhiffPct": 0.2598,
    "relPosZ": 5.6538,
    "relPosX": -0.6776,
    "extension": 6.4374,
    "armAngle": 37.6638,
    "vaa": -6.4739,
    "haa": 0.6754,
    "avgEVAgainst": 88.8273,
    "maxEVAgainst": 108.491,
    "hardHitPct": 0.3985,
    "barrelPctAgainst": 0.082,
    "ldPct": 0.2258,
    "fbPct": 0.2651,
    "puPct": 0.0765,
    "hrFbPct": 0.1057,
    "wOBA": 0.3141,
    "xBA": 0.2343,
    "xSLG": 0.3809,
    "xwOBA": 0.3146,
    "xwOBAcon": 0.3636,
    "count": 430,
    "era": 3.96,
    "hr9": 0.93,
    "fip": 3.93,
    "xFIP": 3.94,
    "siera": 3.95
  },
  "hitterLeagueAverages": {
    "wOBA": 0.3147,
    "xBA": 0.2348,
    "xSLG": 0.3824,
    "xwOBA": 0.3152,
    "xwOBAcon": 0.3634,
    "xwOBAsp": 0.3634,
    "avgEVAll": 88.8481,
    "ev50": 99.658,
    "maxEV": 107.0833,
    "hardHitPct": 0.399,
    "barrelPct": 0.0824,
    "sacqPct": 0.2859,
    "gbPct": 0.432,
    "ldPct": 0.2263,
    "fbPct": 0.2653,
    "puPct": 0.0764,
    "hrFbPct": 0.1103,
    "pullPct": 0.2478,
    "middlePct": 0.0,
    "oppoPct": 0.1327,
    "airPullPct": 0.0992,
    "swingPct": 0.4642,
    "izSwingPct": 0.6501,
    "chasePct": 0.2875,
    "izSwChase": 0.3626,
    "contactPct": 0.738,
    "izContactPct": 0.8262,
    "whiffPct": 0.262,
    "batSpeed": 70.9847,
    "swingLength": 7.2906,
    "attackAngle": 9.857,
    "attackDirection": -1.5233,
    "swingPathTilt": 32.1076,
    "twoStrikeWhiffPct": 0.2622,
    "firstPitchSwingPct": 0.3017,
    "avgFbDist": 309.2114,
    "avgHrDist": 392.9662,
    "sprintSpeed": 26.7798,
    "runValue": -0.0704,
    "count": 410
  },
  "vaaRegressions": {
    "CH": {
      "slope": 1.082352,
      "intercept": -9.474372,
      "leagueAvgPlateZ": 1.814529
    },
    "CU": {
      "slope": 0.976807,
      "intercept": -11.666479,
      "leagueAvgPlateZ": 1.81446
    },
    "EP": {
      "slope": 0.938882,
      "intercept": -17.359429,
      "leagueAvgPlateZ": 2.878557
    },
    "FC": {
      "slope": 1.10198,
      "intercept": -8.79119,
      "leagueAvgPlateZ": 2.523278
    },
    "FF": {
      "slope": 1.064254,
      "intercept": -7.678931,
      "leagueAvgPlateZ": 2.869945
    },
    "FS": {
      "slope": 1.074891,
      "intercept": -9.595212,
      "leagueAvgPlateZ": 1.709098
    },
    "SI": {
      "slope": 1.08428,
      "intercept": -8.451694,
      "leagueAvgPlateZ": 2.433316
    },
    "SL": {
      "slope": 1.085517,
      "intercept": -9.893364,
      "leagueAvgPlateZ": 1.939898
    },
    "ST": {
      "slope": 1.127476,
      "intercept": -9.937084,
      "leagueAvgPlateZ": 2.026866
    },
    "SV": {
      "slope": 1.098775,
      "intercept": -10.986519,
      "leagueAvgPlateZ": 1.845546
    }
  },
  "haaRegressions": {
    "CH": {
      "slope": 0.756001,
      "intercept": 0.087396,
      "leagueAvgPlateX": -0.068703
    },
    "CU": {
      "slope": 1.269508,
      "intercept": 1.248359,
      "leagueAvgPlateX": 0.045126
    },
    "EP": {
      "slope": 0.995547,
      "intercept": 1.10409,
      "leagueAvgPlateX": 0.015567
    },
    "FC": {
      "slope": 1.725008,
      "intercept": 0.875273,
      "leagueAvgPlateX": 0.136181
    },
    "FF": {
      "slope": 1.038915,
      "intercept": 0.528231,
      "leagueAvgPlateX": -0.003897
    },
    "FS": {
      "slope": 0.85061,
      "intercept": 0.504433,
      "leagueAvgPlateX": -0.159979
    },
    "SI": {
      "slope": 0.819604,
      "intercept": 0.100933,
      "leagueAvgPlateX": -0.073888
    },
    "SL": {
      "slope": 1.812297,
      "intercept": 0.826604,
      "leagueAvgPlateX": 0.156465
    },
    "ST": {
      "slope": 2.347752,
      "intercept": 0.963162,
      "leagueAvgPlateX": 0.181277
    },
    "SV": {
      "slope": 1.577628,
      "intercept": 2.785966,
      "leagueAvgPlateX": 0.192475
    }
  },
  "sacqZones": [
    {
      "spray": "center_oppo",
      "laMin": null,
      "laMax": 0,
      "laBin": 0,
      "woba": 0.125,
      "xwobacon": 0.18,
      "quality": false,
      "count": 249
    },
    {
      "spray": "center_oppo",
      "laMin": 0,
      "laMax": 5,
      "laBin": 1,
      "woba": 0.277,
      "xwobacon": 0.375,
      "quality": false,
      "count": 65
    },
    {
      "spray": "center_oppo",
      "laMin": 5,
      "laMax": 10,
      "laBin": 2,
      "woba": 0.279,
      "xwobacon": 0.492,
      "quality": false,
      "count": 86
    },
    {
      "spray": "center_oppo",
      "laMin": 10,
      "laMax": 15,
      "laBin": 3,
      "woba": 0.534,
      "xwobacon": 0.696,
      "quality": true,
      "count": 91
    },
    {
      "spray": "center_oppo",
      "laMin": 15,
      "laMax": 20,
      "laBin": 4,
      "woba": 0.438,
      "xwobacon": 0.636,
      "quality": false,
      "count": 101
    },
    {
      "spray": "center_oppo",
      "laMin": 20,
      "laMax": 25,
      "laBin": 5,
      "woba": 0.389,
      "xwobacon": 0.625,
      "quality": false,
      "count": 93
    },
    {
      "spray": "center_oppo",
      "laMin": 25,
      "laMax": 30,
      "laBin": 6,
      "woba": 0.229,
      "xwobacon": 0.657,
      "quality": false,
      "count": 110
    },
    {
      "spray": "center_oppo",
      "laMin": 30,
      "laMax": 35,
      "laBin": 7,
      "woba": 0.15,
      "xwobacon": 0.476,
      "quality": false,
      "count": 105
    },
    {
      "spray": "center_oppo",
      "laMin": 35,
      "laMax": 40,
      "laBin": 8,
      "woba": 0.108,
      "xwobacon": 0.372,
      "quality": false,
      "count": 80
    },
    {
      "spray": "center_oppo",
      "laMin": 40,
      "laMax": 50,
      "laBin": 9,
      "woba": 0.046,
      "xwobacon": 0.083,
      "quality": false,
      "count": 97
    },
    {
      "spray": "center_oppo",
      "laMin": 50,
      "laMax": null,
      "laBin": 10,
      "woba": 0.02,
      "xwobacon": 0.019,
      "quality": false,
      "count": 107
    },
    {
      "spray": "center_pull",
      "laMin": null,
      "laMax": 0,
      "laBin": 0,
      "woba": 0.319,
      "xwobacon": 0.19,
      "quality": false,
      "count": 346
    },
    {
      "spray": "center_pull",
      "laMin": 0,
      "laMax": 5,
      "laBin": 1,
      "woba": 0.593,
      "xwobacon": 0.409,
      "quality": true,
      "count": 92
    },
    {
      "spray": "center_pull",
      "laMin": 5,
      "laMax": 10,
      "laBin": 2,
      "woba": 0.73,
      "xwobacon": 0.532,
      "quality": true,
      "count": 111
    },
    {
      "spray": "center_pull",
      "laMin": 10,
      "laMax": 15,
      "laBin": 3,
      "woba": 0.866,
      "xwobacon": 0.75,
      "quality": true,
      "count": 102
    },
    {
      "spray": "center_pull",
      "laMin": 15,
      "laMax": 20,
      "laBin": 4,
      "woba": 0.714,
      "xwobacon": 0.682,
      "quality": true,
      "count": 138
    },
    {
      "spray": "center_pull",
      "laMin": 20,
      "laMax": 25,
      "laBin": 5,
      "woba": 0.5,
      "xwobacon": 0.693,
      "quality": false,
      "count": 117
    },
    {
      "spray": "center_pull",
      "laMin": 25,
      "laMax": 30,
      "laBin": 6,
      "woba": 0.558,
      "xwobacon": 0.834,
      "quality": true,
      "count": 99
    },
    {
      "spray": "center_pull",
      "laMin": 30,
      "laMax": 35,
      "laBin": 7,
      "woba": 0.474,
      "xwobacon": 0.694,
      "quality": false,
      "count": 87
    },
    {
      "spray": "center_pull",
      "laMin": 35,
      "laMax": 40,
      "laBin": 8,
      "woba": 0.174,
      "xwobacon": 0.336,
      "quality": false,
      "count": 63
    },
    {
      "spray": "center_pull",
      "laMin": 40,
      "laMax": 50,
      "laBin": 9,
      "woba": 0.069,
      "xwobacon": 0.099,
      "quality": false,
      "count": 112
    },
    {
      "spray": "center_pull",
      "laMin": 50,
      "laMax": null,
      "laBin": 10,
      "woba": 0.0,
      "xwobacon": 0.022,
      "quality": false,
      "count": 90
    },
    {
      "spray": "oppo",
      "laMin": null,
      "laMax": 0,
      "laBin": 0,
      "woba": 0.305,
      "xwobacon": 0.17,
      "quality": false,
      "count": 161
    },
    {
      "spray": "oppo",
      "laMin": 0,
      "laMax": 5,
      "laBin": 1,
      "woba": 0.608,
      "xwobacon": 0.315,
      "quality": true,
      "count": 49
    },
    {
      "spray": "oppo",
      "laMin": 5,
      "laMax": 10,
      "laBin": 2,
      "woba": 0.786,
      "xwobacon": 0.485,
      "quality": true,
      "count": 44
    },
    {
      "spray": "oppo",
      "laMin": 10,
      "laMax": 15,
      "laBin": 3,
      "woba": 0.785,
      "xwobacon": 0.683,
      "quality": true,
      "count": 56
    },
    {
      "spray": "oppo",
      "laMin": 15,
      "laMax": 20,
      "laBin": 4,
      "woba": 0.587,
      "xwobacon": 0.61,
      "quality": true,
      "count": 52
    },
    {
      "spray": "oppo",
      "laMin": 20,
      "laMax": 25,
      "laBin": 5,
      "woba": 0.503,
      "xwobacon": 0.589,
      "quality": true,
      "count": 73
    },
    {
      "spray": "oppo",
      "laMin": 25,
      "laMax": 30,
      "laBin": 6,
      "woba": 0.608,
      "xwobacon": 0.502,
      "quality": true,
      "count": 75
    },
    {
      "spray": "oppo",
      "laMin": 30,
      "laMax": 35,
      "laBin": 7,
      "woba": 0.421,
      "xwobacon": 0.312,
      "quality": false,
      "count": 80
    },
    {
      "spray": "oppo",
      "laMin": 35,
      "laMax": 40,
      "laBin": 8,
      "woba": 0.27,
      "xwobacon": 0.148,
      "quality": false,
      "count": 68
    },
    {
      "spray": "oppo",
      "laMin": 40,
      "laMax": 50,
      "laBin": 9,
      "woba": 0.099,
      "xwobacon": 0.053,
      "quality": false,
      "count": 155
    },
    {
      "spray": "oppo",
      "laMin": 50,
      "laMax": null,
      "laBin": 10,
      "woba": 0.057,
      "xwobacon": 0.016,
      "quality": false,
      "count": 370
    },
    {
      "spray": "oppo_side",
      "laMin": null,
      "laMax": 0,
      "laBin": 0,
      "woba": 0.28,
      "xwobacon": 0.179,
      "quality": false,
      "count": 226
    },
    {
      "spray": "oppo_side",
      "laMin": 0,
      "laMax": 5,
      "laBin": 1,
      "woba": 0.327,
      "xwobacon": 0.38,
      "quality": false,
      "count": 66
    },
    {
      "spray": "oppo_side",
      "laMin": 5,
      "laMax": 10,
      "laBin": 2,
      "woba": 0.542,
      "xwobacon": 0.468,
      "quality": true,
      "count": 83
    },
    {
      "spray": "oppo_side",
      "laMin": 10,
      "laMax": 15,
      "laBin": 3,
      "woba": 0.774,
      "xwobacon": 0.694,
      "quality": true,
      "count": 90
    },
    {
      "spray": "oppo_side",
      "laMin": 15,
      "laMax": 20,
      "laBin": 4,
      "woba": 0.628,
      "xwobacon": 0.65,
      "quality": true,
      "count": 81
    },
    {
      "spray": "oppo_side",
      "laMin": 20,
      "laMax": 25,
      "laBin": 5,
      "woba": 0.53,
      "xwobacon": 0.577,
      "quality": true,
      "count": 109
    },
    {
      "spray": "oppo_side",
      "laMin": 25,
      "laMax": 30,
      "laBin": 6,
      "woba": 0.329,
      "xwobacon": 0.568,
      "quality": false,
      "count": 91
    },
    {
      "spray": "oppo_side",
      "laMin": 30,
      "laMax": 35,
      "laBin": 7,
      "woba": 0.266,
      "xwobacon": 0.447,
      "quality": false,
      "count": 102
    },
    {
      "spray": "oppo_side",
      "laMin": 35,
      "laMax": 40,
      "laBin": 8,
      "woba": 0.047,
      "xwobacon": 0.165,
      "quality": false,
      "count": 77
    },
    {
      "spray": "oppo_side",
      "laMin": 40,
      "laMax": 50,
      "laBin": 9,
      "woba": 0.027,
      "xwobacon": 0.077,
      "quality": false,
      "count": 108
    },
    {
      "spray": "oppo_side",
      "laMin": 50,
      "laMax": null,
      "laBin": 10,
      "woba": 0.006,
      "xwobacon": 0.02,
      "quality": false,
      "count": 143
    },
    {
      "spray": "pull",
      "laMin": null,
      "laMax": 0,
      "laBin": 0,
      "woba": 0.179,
      "xwobacon": 0.148,
      "quality": false,
      "count": 1003
    },
    {
      "spray": "pull",
      "laMin": 0,
      "laMax": 5,
      "laBin": 1,
      "woba": 0.379,
      "xwobacon": 0.376,
      "quality": false,
      "count": 186
    },
    {
      "spray": "pull",
      "laMin": 5,
      "laMax": 10,
      "laBin": 2,
      "woba": 0.496,
      "xwobacon": 0.53,
      "quality": false,
      "count": 169
    },
    {
      "spray": "pull",
      "laMin": 10,
      "laMax": 15,
      "laBin": 3,
      "woba": 0.889,
      "xwobacon": 0.763,
      "quality": true,
      "count": 174
    },
    {
      "spray": "pull",
      "laMin": 15,
      "laMax": 20,
      "laBin": 4,
      "woba": 1.012,
      "xwobacon": 0.699,
      "quality": true,
      "count": 135
    },
    {
      "spray": "pull",
      "laMin": 20,
      "laMax": 25,
      "laBin": 5,
      "woba": 1.057,
      "xwobacon": 0.805,
      "quality": true,
      "count": 132
    },
    {
      "spray": "pull",
      "laMin": 25,
      "laMax": 30,
      "laBin": 6,
      "woba": 1.187,
      "xwobacon": 0.918,
      "quality": true,
      "count": 108
    },
    {
      "spray": "pull",
      "laMin": 30,
      "laMax": 35,
      "laBin": 7,
      "woba": 1.025,
      "xwobacon": 0.685,
      "quality": true,
      "count": 69
    },
    {
      "spray": "pull",
      "laMin": 35,
      "laMax": 40,
      "laBin": 8,
      "woba": 0.903,
      "xwobacon": 0.548,
      "quality": true,
      "count": 49
    },
    {
      "spray": "pull",
      "laMin": 40,
      "laMax": 50,
      "laBin": 9,
      "woba": 0.355,
      "xwobacon": 0.145,
      "quality": false,
      "count": 66
    },
    {
      "spray": "pull",
      "laMin": 50,
      "laMax": null,
      "laBin": 10,
      "woba": 0.036,
      "xwobacon": 0.017,
      "quality": false,
      "count": 101
    },
    {
      "spray": "pull_side",
      "laMin": null,
      "laMax": 0,
      "laBin": 0,
      "woba": 0.119,
      "xwobacon": 0.164,
      "quality": false,
      "count": 713
    },
    {
      "spray": "pull_side",
      "laMin": 0,
      "laMax": 5,
      "laBin": 1,
      "woba": 0.229,
      "xwobacon": 0.377,
      "quality": false,
      "count": 165
    },
    {
      "spray": "pull_side",
      "laMin": 5,
      "laMax": 10,
      "laBin": 2,
      "woba": 0.351,
      "xwobacon": 0.492,
      "quality": false,
      "count": 159
    },
    {
      "spray": "pull_side",
      "laMin": 10,
      "laMax": 15,
      "laBin": 3,
      "woba": 0.63,
      "xwobacon": 0.758,
      "quality": true,
      "count": 127
    },
    {
      "spray": "pull_side",
      "laMin": 15,
      "laMax": 20,
      "laBin": 4,
      "woba": 0.568,
      "xwobacon": 0.703,
      "quality": true,
      "count": 122
    },
    {
      "spray": "pull_side",
      "laMin": 20,
      "laMax": 25,
      "laBin": 5,
      "woba": 0.813,
      "xwobacon": 0.838,
      "quality": true,
      "count": 107
    },
    {
      "spray": "pull_side",
      "laMin": 25,
      "laMax": 30,
      "laBin": 6,
      "woba": 0.921,
      "xwobacon": 0.946,
      "quality": true,
      "count": 90
    },
    {
      "spray": "pull_side",
      "laMin": 30,
      "laMax": 35,
      "laBin": 7,
      "woba": 0.825,
      "xwobacon": 0.648,
      "quality": true,
      "count": 81
    },
    {
      "spray": "pull_side",
      "laMin": 35,
      "laMax": 40,
      "laBin": 8,
      "woba": 0.389,
      "xwobacon": 0.4,
      "quality": false,
      "count": 64
    },
    {
      "spray": "pull_side",
      "laMin": 40,
      "laMax": 50,
      "laBin": 9,
      "woba": 0.054,
      "xwobacon": 0.139,
      "quality": false,
      "count": 71
    },
    {
      "spray": "pull_side",
      "laMin": 50,
      "laMax": null,
      "laBin": 10,
      "woba": 0.011,
      "xwobacon": 0.02,
      "quality": false,
      "count": 82
    }
  ],
  "mvnModels": {
    "CH_L": {
      "mlb": {
        "mu": [
          4.428013,
          -14.569556,
          37.485518,
          6.387267,
          84.637579
        ],
        "cov": [
          [
            28.572118,
            0.984192,
            35.766932,
            0.242635,
            -1.571429
          ],
          [
            0.984192,
            9.858946,
            6.671927,
            0.092406,
            -2.079183
          ],
          [
            35.766932,
            6.671927,
            113.326147,
            -0.056805,
            2.6178
          ],
          [
            0.242635,
            0.092406,
            -0.056805,
            0.192808,
            -0.207998
          ],
          [
            -1.571429,
            -2.079183,
            2.6178,
            -0.207998,
            10.323648
          ]
        ],
        "n": 1892
      },
      "roc": {
        "mu": [
          4.569081,
          -14.4634,
          5.672401,
          1.827074,
          6.391667,
          84.620502
        ],
        "cov": [
          [
            29.118764,
            1.534998,
            0.900142,
            -1.295801,
            0.314506,
            -1.643047
          ],
          [
            1.534998,
            10.268034,
            0.107229,
            0.063475,
            0.118897,
            -2.446028
          ],
          [
            0.900142,
            0.107229,
            0.152037,
            -0.129682,
            -0.003314,
            0.183409
          ],
          [
            -1.295801,
            0.063475,
            -0.129682,
            0.596328,
            0.070674,
            -0.630594
          ],
          [
            0.314506,
            0.118897,
            -0.003314,
            0.070674,
            0.200203,
            -0.26551
          ],
          [
            -1.643047,
            -2.446028,
            0.183409,
            -0.630594,
            -0.26551,
            10.637093
          ]
        ],
        "n": 2112
      }
    },
    "CH_R": {
      "mlb": {
        "mu": [
          3.869299,
          15.091128,
          35.861372,
          6.467732,
          86.816372
        ],
        "cov": [
          [
            22.883562,
            1.905803,
            26.283367,
            0.055892,
            -1.867484
          ],
          [
            1.905803,
            13.964712,
            -8.079959,
            0.013722,
            0.447599
          ],
          [
            26.283367,
            -8.079959,
            133.97773,
            0.008121,
            -3.323
          ],
          [
            0.055892,
            0.013722,
            0.008121,
            0.136493,
            -0.088444
          ],
          [
            -1.867484,
            0.447599,
            -3.323,
            -0.088444,
            10.938527
          ]
        ],
        "n": 3280
      },
      "roc": {
        "mu": [
          3.944207,
          14.968039,
          5.592162,
          -1.730929,
          6.454685,
          86.729216
        ],
        "cov": [
          [
            22.728354,
            1.248834,
            0.87993,
            0.474428,
            0.076419,
            -1.789975
          ],
          [
            1.248834,
            15.52981,
            -0.337596,
            -0.312075,
            0.011929,
            0.713994
          ],
          [
            0.87993,
            -0.337596,
            0.17681,
            0.091705,
            -0.015173,
            -0.116624
          ],
          [
            0.474428,
            -0.312075,
            0.091705,
            0.449561,
            -0.000239,
            0.195615
          ],
          [
            0.076419,
            0.011929,
            -0.015173,
            -0.000239,
            0.144319,
            -0.09148
          ],
          [
            -1.789975,
            0.713994,
            -0.116624,
            0.195615,
            -0.09148,
            10.409445
          ]
        ],
        "n": 3789
      }
    },
    "CU_L": {
      "mlb": {
        "mu": [
          -11.384916,
          7.370781,
          46.749262,
          6.2877,
          79.48597
        ],
        "cov": [
          [
            18.874799,
            -7.335071,
            -13.377333,
            0.310588,
            6.205365
          ],
          [
            -7.335071,
            18.924837,
            -2.370734,
            -0.242535,
            -8.763473
          ],
          [
            -13.377333,
            -2.370734,
            84.725586,
            0.731755,
            -5.771885
          ],
          [
            0.310588,
            -0.242535,
            0.731755,
            0.17559,
            0.189384
          ],
          [
            6.205365,
            -8.763473,
            -5.771885,
            0.189384,
            15.430352
          ]
        ],
        "n": 948
      },
      "roc": {
        "mu": [
          -11.505004,
          7.780429,
          6.036515,
          1.596559,
          6.278061,
          79.576676
        ],
        "cov": [
          [
            17.972945,
            -7.06686,
            -0.423659,
            1.398902,
            0.34197,
            5.738219
          ],
          [
            -7.06686,
            20.120878,
            0.293264,
            -0.301236,
            -0.395013,
            -7.980913
          ],
          [
            -0.423659,
            0.293264,
            0.112568,
            -0.079699,
            -0.04266,
            -0.360293
          ],
          [
            1.398902,
            -0.301236,
            -0.079699,
            0.432341,
            0.036456,
            0.06236
          ],
          [
            0.34197,
            -0.395013,
            -0.04266,
            0.036456,
            0.180977,
            0.180016
          ],
          [
            5.738219,
            -7.980913,
            -0.360293,
            0.06236,
            0.180016,
            14.57501
          ]
        ],
        "n": 1119
      }
    },
    "CU_R": {
      "mlb": {
        "mu": [
          -12.031412,
          -8.617455,
          43.869781,
          6.428417,
          80.744453
        ],
        "cov": [
          [
            12.724152,
            1.144141,
            -12.431049,
            0.061239,
            2.678553
          ],
          [
            1.144141,
            20.805698,
            19.541756,
            0.076357,
            7.647686
          ],
          [
            -12.431049,
            19.541756,
            92.35028,
            -0.085744,
            1.397056
          ],
          [
            0.061239,
            0.076357,
            -0.085744,
            0.156532,
            0.145336
          ],
          [
            2.678553,
            7.647686,
            1.397056,
            0.145336,
            15.337236
          ]
        ],
        "n": 2515
      },
      "roc": {
        "mu": [
          -12.047367,
          -8.732669,
          5.931214,
          -1.631669,
          6.431356,
          80.649359
        ],
        "cov": [
          [
            12.836442,
            1.250136,
            -0.454342,
            -0.459085,
            0.06505,
            2.595927
          ],
          [
            1.250136,
            21.09162,
            0.569086,
            0.439861,
            0.033412,
            7.792119
          ],
          [
            -0.454342,
            0.569086,
            0.168165,
            0.084179,
            -0.042656,
            -0.16529
          ],
          [
            -0.459085,
            0.439861,
            0.084179,
            0.435538,
            -0.028899,
            -0.028649
          ],
          [
            0.06505,
            0.033412,
            -0.042656,
            -0.028899,
            0.154867,
            0.122378
          ],
          [
            2.595927,
            7.792119,
            -0.16529,
            -0.028649,
            0.122378,
            14.987022
          ]
        ],
        "n": 2810
      }
    },
    "FC_L": {
      "mlb": {
        "mu": [
          8.434008,
          1.704251,
          38.303846,
          6.399352,
          88.961134
        ],
        "cov": [
          [
            8.29329,
            -2.506639,
            1.377519,
            -0.007507,
            1.463714
          ],
          [
            -2.506639,
            7.811937,
            4.943195,
            0.017108,
            -0.317514
          ],
          [
            1.377519,
            4.943195,
            93.634251,
            -0.197278,
            8.144547
          ],
          [
            -0.007507,
            0.017108,
            -0.197278,
            0.145451,
            0.225026
          ],
          [
            1.463714,
            -0.317514,
            8.144547,
            0.225026,
            5.669065
          ]
        ],
        "n": 988
      },
      "roc": {
        "mu": [
          8.511286,
          1.670953,
          5.723414,
          1.967271,
          6.409232,
          88.958557
        ],
        "cov": [
          [
            8.842317,
            -2.742737,
            -0.071552,
            -0.003891,
            -0.024562,
            1.474616
          ],
          [
            -2.742737,
            7.8491,
            0.251858,
            0.145319,
            0.021701,
            -0.26764
          ],
          [
            -0.071552,
            0.251858,
            0.129932,
            -0.105581,
            -0.009132,
            0.350165
          ],
          [
            -0.003891,
            0.145319,
            -0.105581,
            0.531749,
            0.090335,
            -0.336159
          ],
          [
            -0.024562,
            0.021701,
            -0.009132,
            0.090335,
            0.140052,
            0.218715
          ],
          [
            1.474616,
            -0.26764,
            0.350165,
            -0.336159,
            0.218715,
            5.660096
          ]
        ],
        "n": 1081
      }
    },
    "FC_R": {
      "mlb": {
        "mu": [
          8.707946,
          -2.1052,
          37.474881,
          6.414478,
          90.110582
        ],
        "cov": [
          [
            9.96827,
            1.22617,
            6.698507,
            0.065299,
            2.414432
          ],
          [
            1.22617,
            8.995057,
            -10.110753,
            -0.140406,
            2.155267
          ],
          [
            6.698507,
            -10.110753,
            116.623405,
            -0.152242,
            3.431156
          ],
          [
            0.065299,
            -0.140406,
            -0.152242,
            0.206953,
            0.076471
          ],
          [
            2.414432,
            2.155267,
            3.431156,
            0.076471,
            8.676771
          ]
        ],
        "n": 2731
      },
      "roc": {
        "mu": [
          8.632966,
          -2.044281,
          5.642217,
          -1.698242,
          6.382404,
          89.893792
        ],
        "cov": [
          [
            10.047087,
            1.221396,
            0.20445,
            0.421128,
            0.093582,
            2.777225
          ],
          [
            1.221396,
            8.806763,
            -0.354378,
            -0.26098,
            -0.130343,
            1.795118
          ],
          [
            0.20445,
            -0.354378,
            0.173808,
            0.099386,
            -0.035081,
            0.056374
          ],
          [
            0.421128,
            -0.26098,
            0.099386,
            0.478474,
            -0.052016,
            0.241689
          ],
          [
            0.093582,
            -0.130343,
            -0.035081,
            -0.052016,
            0.203741,
            0.131949
          ],
          [
            2.777225,
            1.795118,
            0.056374,
            0.241689,
            0.131949,
            8.924798
          ]
        ],
        "n": 3270
      }
    },
    "FF_L": {
      "mlb": {
        "mu": [
          16.433132,
          -8.063533,
          40.913606,
          6.458163,
          93.386104
        ],
        "cov": [
          [
            8.276647,
            3.976959,
            22.254625,
            0.033315,
            0.383315
          ],
          [
            3.976959,
            15.41071,
            25.937277,
            0.271256,
            -0.367946
          ],
          [
            22.254625,
            25.937277,
            142.600393,
            0.452158,
            3.252461
          ],
          [
            0.033315,
            0.271256,
            0.452158,
            0.17151,
            -0.099606
          ],
          [
            0.383315,
            -0.367946,
            3.252461,
            -0.099606,
            5.503363
          ]
        ],
        "n": 4138
      },
      "roc": {
        "mu": [
          16.420263,
          -7.887614,
          5.726053,
          1.736123,
          6.468243,
          93.326233
        ],
        "cov": [
          [
            8.296779,
            3.307667,
            0.465537,
            -0.864761,
            0.051779,
            0.628403
          ],
          [
            3.307667,
            16.080996,
            0.652234,
            -0.941429,
            0.256149,
            -0.524448
          ],
          [
            0.465537,
            0.652234,
            0.150759,
            -0.141834,
            -0.013724,
            0.052694
          ],
          [
            -0.864761,
            -0.941429,
            -0.141834,
            0.519546,
            0.008237,
            -0.258264
          ],
          [
            0.051779,
            0.256149,
            -0.013724,
            0.008237,
            0.171835,
            -0.117178
          ],
          [
            0.628403,
            -0.524448,
            0.052694,
            -0.258264,
            -0.117178,
            5.401059
          ]
        ],
        "n": 4723
      }
    },
    "FF_R": {
      "mlb": {
        "mu": [
          16.272855,
          7.809855,
          39.391546,
          6.532,
          95.043271
        ],
        "cov": [
          [
            7.712009,
            -2.647048,
            17.380354,
            0.195251,
            0.270025
          ],
          [
            -2.647048,
            15.714174,
            -26.535607,
            -0.254317,
            -0.450327
          ],
          [
            17.380354,
            -26.535607,
            133.747063,
            0.539834,
            3.712535
          ],
          [
            0.195251,
            -0.254317,
            0.539834,
            0.183156,
            0.068507
          ],
          [
            0.270025,
            -0.450327,
            3.712535,
            0.068507,
            5.535378
          ]
        ],
        "n": 10989
      },
      "roc": {
        "mu": [
          16.2712,
          7.851292,
          5.652225,
          -1.629637,
          6.509842,
          94.982915
        ],
        "cov": [
          [
            7.891839,
            -2.853251,
            0.476963,
            0.593986,
            0.192278,
            0.359746
          ],
          [
            -2.853251,
            16.734352,
            -0.752864,
            -0.835734,
            -0.259956,
            -0.257666
          ],
          [
            0.476963,
            -0.752864,
            0.181308,
            0.119117,
            -0.014214,
            0.126492
          ],
          [
            0.593986,
            -0.835734,
            0.119117,
            0.44105,
            -0.004896,
            0.164739
          ],
          [
            0.192278,
            -0.259956,
            -0.014214,
            -0.004896,
            0.178983,
            0.050208
          ],
          [
            0.359746,
            -0.257666,
            0.126492,
            0.164739,
            0.050208,
            5.621886
          ]
        ],
        "n": 13000
      }
    },
    "FS_L": {
      "mlb": {
        "mu": [
          3.149724,
          -10.953867,
          37.76989,
          6.483867,
          85.422376
        ],
        "cov": [
          [
            26.080125,
            2.29842,
            30.999147,
            0.639735,
            2.845976
          ],
          [
            2.29842,
            18.233406,
            15.415243,
            0.1585,
            -4.097268
          ],
          [
            30.999147,
            15.415243,
            119.217678,
            1.039937,
            4.307961
          ],
          [
            0.639735,
            0.1585,
            1.039937,
            0.225187,
            0.084514
          ],
          [
            2.845976,
            -4.097268,
            4.307961,
            0.084514,
            6.007947
          ]
        ],
        "n": 362
      },
      "roc": {
        "mu": [
