{
  "teams": [
    "ARI",
    "ATH",
    "ATL",
    "BAL",
    "BOS",
    "CHC",
    "CIN",
    "CLE",
    "COL",
    "CWS",
    "DET",
    "HOU",
    "KCR",
    "LAA",
    "LAD",
    "MIA",
    "MIL",
    "MIN",
    "NYM",
    "NYY",
    "PHI",
    "PIT",
    "ROC",
    "SDP",
    "SEA",
    "SFG",
    "STL",
    "TBR",
    "TEX",
    "TOR",
    "WSH"
  ],
  "pitchTypes": [
    "CH",
    "CU",
    "EP",
    "FC",
    "FF",
    "FS",
    "SI",
    "SL",
    "ST",
    "SV"
  ],
  "generatedAt": "2026-04-08 13:35",
  "totalPitches": 49932,
  "totalPitchers": 424,
  "totalHitters": 406,
  "rocTeams": [
    "ROC"
  ],
  "leagueAverages": {
    "FF": {
      "velocity": 94.59,
      "spinRate": 2313.09,
      "indVertBrk": 16.32,
      "horzBrk": 3.47,
      "relPosZ": 5.67,
      "relPosX": -0.7,
      "extension": 6.51,
      "armAngle": 39.78,
      "vaa": -4.62,
      "haa": 0.5,
      "strikePct": 0.6551,
      "izPct": 0.5249,
      "swStrRate": 0.1079,
      "swStrPct": 0.2224,
      "cswPct": 0.2829,
      "izWhiffPct": 0.1738,
      "chasePct": 0.2781,
      "gbPct": 0.3106,
      "fpsPct": 0.6046,
      "breakTiltMinutes": 24,
      "breakTilt": "12:24",
      "xBA": 0.2462,
      "xSLG": 0.4461,
      "xwOBA": 0.3541,
      "count": 390
    },
    "SI": {
      "velocity": 93.97,
      "spinRate": 2186.56,
      "indVertBrk": 7.61,
      "horzBrk": 5.66,
      "relPosZ": 5.54,
      "relPosX": -0.54,
      "extension": 6.42,
      "armAngle": 33.15,
      "vaa": -5.82,
      "haa": 0.03,
      "strikePct": 0.6603,
      "izPct": 0.5493,
      "swStrRate": 0.0648,
      "swStrPct": 0.1436,
      "cswPct": 0.2775,
      "izWhiffPct": 0.0995,
      "chasePct": 0.2466,
      "gbPct": 0.5437,
      "fpsPct": 0.6086,
      "breakTiltMinutes": 73,
      "breakTilt": "1:13",
      "xBA": 0.2787,
      "xSLG": 0.409,
      "xwOBA": 0.352,
      "count": 312
    },
    "SL": {
      "velocity": 86.23,
      "spinRate": 2426.97,
      "indVertBrk": 1.01,
      "horzBrk": -1.45,
      "relPosZ": 5.78,
      "relPosX": -0.66,
      "extension": 6.36,
      "armAngle": 41.02,
      "vaa": -7.79,
      "haa": 1.09,
      "strikePct": 0.6271,
      "izPct": 0.4596,
      "swStrRate": 0.17,
      "swStrPct": 0.356,
      "cswPct": 0.3261,
      "izWhiffPct": 0.2131,
      "chasePct": 0.3196,
      "gbPct": 0.433,
      "fpsPct": 0.6113,
      "breakTiltMinutes": 615,
      "breakTilt": "10:15",
      "xBA": 0.2174,
      "xSLG": 0.3606,
      "xwOBA": 0.2835,
      "count": 262
    },
    "FS": {
      "velocity": 86.85,
      "spinRate": 1405.03,
      "indVertBrk": 2.82,
      "horzBrk": 8.39,
      "relPosZ": 5.71,
      "relPosX": -1.13,
      "extension": 6.6,
      "armAngle": 40.21,
      "vaa": -7.77,
      "haa": 0.35,
      "strikePct": 0.5834,
      "izPct": 0.3742,
      "swStrRate": 0.1821,
      "swStrPct": 0.3645,
      "cswPct": 0.2588,
      "izWhiffPct": 0.2545,
      "chasePct": 0.345,
      "gbPct": 0.5591,
      "fpsPct": 0.5625,
      "breakTiltMinutes": 131,
      "breakTilt": "2:11",
      "xBA": 0.1924,
      "xSLG": 0.2824,
      "xwOBA": 0.2328,
      "count": 88
    },
    "ST": {
      "velocity": 82.33,
      "spinRate": 2566.16,
      "indVertBrk": 1.25,
      "horzBrk": -4.51,
      "relPosZ": 5.44,
      "relPosX": -0.51,
      "extension": 6.33,
      "armAngle": 29.97,
      "vaa": -7.66,
      "haa": 1.21,
      "strikePct": 0.5899,
      "izPct": 0.4415,
      "swStrRate": 0.1438,
      "swStrPct": 0.3232,
      "cswPct": 0.3022,
      "izWhiffPct": 0.2046,
      "chasePct": 0.2729,
      "gbPct": 0.3237,
      "fpsPct": 0.5644,
      "breakTiltMinutes": 570,
      "breakTilt": "9:30",
      "xBA": 0.1819,
      "xSLG": 0.3011,
      "xwOBA": 0.2539,
      "count": 201
    },
    "SV": {
      "velocity": 82.18,
      "spinRate": 2563.57,
      "indVertBrk": -6.49,
      "horzBrk": -10.39,
      "relPosZ": 5.75,
      "relPosX": -1.57,
      "extension": 6.4,
      "armAngle": 36.9,
      "vaa": -8.94,
      "haa": 3.03,
      "strikePct": 0.5988,
      "izPct": 0.4259,
      "swStrRate": 0.1541,
      "swStrPct": 0.3572,
      "cswPct": 0.3183,
      "izWhiffPct": 0.1389,
      "chasePct": 0.3155,
      "gbPct": 0.4345,
      "fpsPct": 0.5686,
      "breakTiltMinutes": 471,
      "breakTilt": "7:51",
      "xBA": 0.19,
      "xSLG": 0.3031,
      "xwOBA": 0.2536,
      "count": 27
    },
    "FC": {
      "velocity": 89.78,
      "spinRate": 2381.26,
      "indVertBrk": 8.61,
      "horzBrk": -1.04,
      "relPosZ": 5.68,
      "relPosX": -0.69,
      "extension": 6.4,
      "armAngle": 37.71,
      "vaa": -6.01,
      "haa": 1.07,
      "strikePct": 0.6504,
      "izPct": 0.532,
      "swStrRate": 0.1154,
      "swStrPct": 0.2433,
      "cswPct": 0.2906,
      "izWhiffPct": 0.176,
      "chasePct": 0.2481,
      "gbPct": 0.3772,
      "fpsPct": 0.6126,
      "breakTiltMinutes": 704,
      "breakTilt": "11:44",
      "xBA": 0.259,
      "xSLG": 0.4488,
      "xwOBA": 0.353,
      "count": 177
    },
    "CH": {
      "velocity": 86.0,
      "spinRate": 1752.28,
      "indVertBrk": 3.92,
      "horzBrk": 4.1,
      "relPosZ": 5.6,
      "relPosX": -0.42,
      "extension": 6.44,
      "armAngle": 36.1,
      "vaa": -7.52,
      "haa": 0.04,
      "strikePct": 0.582,
      "izPct": 0.398,
      "swStrRate": 0.1674,
      "swStrPct": 0.3461,
      "cswPct": 0.2623,
      "izWhiffPct": 0.2487,
      "chasePct": 0.3214,
      "gbPct": 0.518,
      "fpsPct": 0.5509,
      "breakTiltMinutes": 106,
      "breakTilt": "1:46",
      "xBA": 0.2238,
      "xSLG": 0.3225,
      "xwOBA": 0.2681,
      "count": 251
    },
    "CU": {
      "velocity": 80.45,
      "spinRate": 2555.89,
      "indVertBrk": -11.82,
      "horzBrk": -4.41,
      "relPosZ": 5.95,
      "relPosX": -0.77,
      "extension": 6.39,
      "armAngle": 44.54,
      "vaa": -9.87,
      "haa": 1.38,
      "strikePct": 0.5694,
      "izPct": 0.4199,
      "swStrRate": 0.1272,
      "swStrPct": 0.3174,
      "cswPct": 0.2973,
      "izWhiffPct": 0.1656,
      "chasePct": 0.2702,
      "gbPct": 0.5007,
      "fpsPct": 0.5232,
      "breakTiltMinutes": 394,
      "breakTilt": "6:34",
      "xBA": 0.2177,
      "xSLG": 0.357,
      "xwOBA": 0.2859,
      "count": 188
    }
  },
  "pitcherLeagueAverages": {
    "strikePct": 0.6286,
    "izPct": 0.485,
    "swStrRate": 0.1241,
    "swStrPct": 0.2671,
    "cswPct": 0.2882,
    "izWhiffPct": 0.1784,
    "chasePct": 0.2867,
    "gbPct": 0.4267,
    "kPct": 0.2358,
    "bbPct": 0.0965,
    "kbbPct": 0.1393,
    "babip": 0.2864,
    "fpsPct": 0.592,
    "twoStrikeWhiffPct": 0.2606,
    "relPosZ": 5.657,
    "relPosX": -0.654,
    "extension": 6.4389,
    "armAngle": 37.7694,
    "vaa": -6.4797,
    "haa": 0.647,
    "avgEVAgainst": 88.9544,
    "maxEVAgainst": 108.2975,
    "hardHitPct": 0.4013,
    "barrelPctAgainst": 0.0849,
    "ldPct": 0.2248,
    "fbPct": 0.2689,
    "puPct": 0.0764,
    "hrFbPct": 0.1096,
    "wOBA": 0.3133,
    "xBA": 0.236,
    "xSLG": 0.3872,
    "xwOBA": 0.316,
    "xwOBAcon": 0.3678,
    "count": 424,
    "era": 3.98,
    "hr9": 0.97,
    "fip": 3.95,
    "xFIP": 3.97,
    "siera": 3.98
  },
  "hitterLeagueAverages": {
    "wOBA": 0.3139,
    "xBA": 0.2364,
    "xSLG": 0.3885,
    "xwOBA": 0.3166,
    "xwOBAcon": 0.3675,
    "xwOBAsp": 0.3657,
    "avgEVAll": 88.9738,
    "ev50": 99.7635,
    "maxEV": 106.913,
    "medLA": 13.9556,
    "hardHitPct": 0.4018,
    "barrelPct": 0.0854,
    "laSweetSpotPct": 0.3436,
    "sacqPct": 0.2811,
    "gbPct": 0.4293,
    "ldPct": 0.2252,
    "fbPct": 0.2691,
    "puPct": 0.0763,
    "hrFbPct": 0.1162,
    "pullPct": 0.4484,
    "middlePct": 0.2837,
    "oppoPct": 0.268,
    "airPullPct": 0.1873,
    "swingPct": 0.4656,
    "izSwingPct": 0.6507,
    "chasePct": 0.2898,
    "izSwChase": 0.3608,
    "contactPct": 0.7356,
    "izContactPct": 0.8243,
    "whiffPct": 0.2644,
    "batSpeed": 71.0046,
    "swingLength": 7.2924,
    "attackAngle": 9.9048,
    "attackDirection": -1.5984,
    "swingPathTilt": 32.1089,
    "twoStrikeWhiffPct": 0.2637,
    "firstPitchSwingPct": 0.3032,
    "avgFbDist": 309.7792,
    "avgHrDist": 393.3584,
    "squaredUpPct": 0.6489,
    "sprintSpeed": 26.7301,
    "runValue": -0.0542,
    "count": 406
  },
  "vaaRegressions": {
    "CH": {
      "slope": 1.083913,
      "intercept": -9.481078,
      "leagueAvgPlateZ": 1.80652
    },
    "CU": {
      "slope": 0.976075,
      "intercept": -11.645762,
      "leagueAvgPlateZ": 1.818782
    },
    "EP": {
      "slope": 0.974442,
      "intercept": -17.568024,
      "leagueAvgPlateZ": 2.888478
    },
    "FC": {
      "slope": 1.099871,
      "intercept": -8.797004,
      "leagueAvgPlateZ": 2.532449
    },
    "FF": {
      "slope": 1.066137,
      "intercept": -7.684015,
      "leagueAvgPlateZ": 2.872745
    },
    "FS": {
      "slope": 1.081473,
      "intercept": -9.623728,
      "leagueAvgPlateZ": 1.711515
    },
    "SI": {
      "slope": 1.093114,
      "intercept": -8.477079,
      "leagueAvgPlateZ": 2.434134
    },
    "SL": {
      "slope": 1.081457,
      "intercept": -9.885183,
      "leagueAvgPlateZ": 1.933908
    },
    "ST": {
      "slope": 1.121425,
      "intercept": -9.931886,
      "leagueAvgPlateZ": 2.025913
    },
    "SV": {
      "slope": 1.089791,
      "intercept": -10.959978,
      "leagueAvgPlateZ": 1.852892
    }
  },
  "haaRegressions": {
    "CH": {
      "slope": 0.741139,
      "intercept": 0.084745,
      "leagueAvgPlateX": -0.05862
    },
    "CU": {
      "slope": 1.27147,
      "intercept": 1.313242,
      "leagueAvgPlateX": 0.05565
    },
    "EP": {
      "slope": 1.061475,
      "intercept": 1.041761,
      "leagueAvgPlateX": 0.054457
    },
    "FC": {
      "slope": 1.69575,
      "intercept": 0.841433,
      "leagueAvgPlateX": 0.136267
    },
    "FF": {
      "slope": 1.031649,
      "intercept": 0.503826,
      "leagueAvgPlateX": -0.002764
    },
    "FS": {
      "slope": 0.891827,
      "intercept": 0.50621,
      "leagueAvgPlateX": -0.180086
    },
    "SI": {
      "slope": 0.820414,
      "intercept": 0.086431,
      "leagueAvgPlateX": -0.069541
    },
    "SL": {
      "slope": 1.830027,
      "intercept": 0.80442,
      "leagueAvgPlateX": 0.156968
    },
    "ST": {
      "slope": 2.375489,
      "intercept": 0.818716,
      "leagueAvgPlateX": 0.162768
    },
    "SV": {
      "slope": 1.604126,
      "intercept": 2.737178,
      "leagueAvgPlateX": 0.182253
    }
  },
  "sacqZones": [
    {
      "spray": "center",
      "laMin": null,
      "laMax": 0,
      "laBin": 0,
      "woba": 0.238,
      "xwobacon": 0.186,
      "quality": false,
      "count": 541
    },
    {
      "spray": "center",
      "laMin": 0,
      "laMax": 5,
      "laBin": 1,
      "woba": 0.456,
      "xwobacon": 0.399,
      "quality": false,
      "count": 140
    },
    {
      "spray": "center",
      "laMin": 5,
      "laMax": 10,
      "laBin": 2,
      "woba": 0.52,
      "xwobacon": 0.509,
      "quality": true,
      "count": 172
    },
    {
      "spray": "center",
      "laMin": 10,
      "laMax": 15,
      "laBin": 3,
      "woba": 0.709,
      "xwobacon": 0.723,
      "quality": true,
      "count": 170
    },
    {
      "spray": "center",
      "laMin": 15,
      "laMax": 20,
      "laBin": 4,
      "woba": 0.584,
      "xwobacon": 0.664,
      "quality": true,
      "count": 224
    },
    {
      "spray": "center",
      "laMin": 20,
      "laMax": 25,
      "laBin": 5,
      "woba": 0.44,
      "xwobacon": 0.663,
      "quality": false,
      "count": 189
    },
    {
      "spray": "center",
      "laMin": 25,
      "laMax": 30,
      "laBin": 6,
      "woba": 0.398,
      "xwobacon": 0.762,
      "quality": false,
      "count": 190
    },
    {
      "spray": "center",
      "laMin": 30,
      "laMax": 35,
      "laBin": 7,
      "woba": 0.299,
      "xwobacon": 0.577,
      "quality": false,
      "count": 179
    },
    {
      "spray": "center",
      "laMin": 35,
      "laMax": 40,
      "laBin": 8,
      "woba": 0.135,
      "xwobacon": 0.359,
      "quality": false,
      "count": 128
    },
    {
      "spray": "center",
      "laMin": 40,
      "laMax": 50,
      "laBin": 9,
      "woba": 0.064,
      "xwobacon": 0.094,
      "quality": false,
      "count": 191
    },
    {
      "spray": "center",
      "laMin": 50,
      "laMax": null,
      "laBin": 10,
      "woba": 0.012,
      "xwobacon": 0.02,
      "quality": false,
      "count": 172
    },
    {
      "spray": "oppo",
      "laMin": null,
      "laMax": 0,
      "laBin": 0,
      "woba": 0.294,
      "xwobacon": 0.175,
      "quality": false,
      "count": 352
    },
    {
      "spray": "oppo",
      "laMin": 0,
      "laMax": 5,
      "laBin": 1,
      "woba": 0.432,
      "xwobacon": 0.358,
      "quality": false,
      "count": 107
    },
    {
      "spray": "oppo",
      "laMin": 5,
      "laMax": 10,
      "laBin": 2,
      "woba": 0.613,
      "xwobacon": 0.468,
      "quality": true,
      "count": 117
    },
    {
      "spray": "oppo",
      "laMin": 10,
      "laMax": 15,
      "laBin": 3,
      "woba": 0.785,
      "xwobacon": 0.703,
      "quality": true,
      "count": 134
    },
    {
      "spray": "oppo",
      "laMin": 15,
      "laMax": 20,
      "laBin": 4,
      "woba": 0.623,
      "xwobacon": 0.636,
      "quality": true,
      "count": 120
    },
    {
      "spray": "oppo",
      "laMin": 20,
      "laMax": 25,
      "laBin": 5,
      "woba": 0.538,
      "xwobacon": 0.584,
      "quality": true,
      "count": 165
    },
    {
      "spray": "oppo",
      "laMin": 25,
      "laMax": 30,
      "laBin": 6,
      "woba": 0.468,
      "xwobacon": 0.551,
      "quality": false,
      "count": 154
    },
    {
      "spray": "oppo",
      "laMin": 30,
      "laMax": 35,
      "laBin": 7,
      "woba": 0.342,
      "xwobacon": 0.388,
      "quality": false,
      "count": 165
    },
    {
      "spray": "oppo",
      "laMin": 35,
      "laMax": 40,
      "laBin": 8,
      "woba": 0.15,
      "xwobacon": 0.16,
      "quality": false,
      "count": 133
    },
    {
      "spray": "oppo",
      "laMin": 40,
      "laMax": 50,
      "laBin": 9,
      "woba": 0.074,
      "xwobacon": 0.064,
      "quality": false,
      "count": 247
    },
    {
      "spray": "oppo",
      "laMin": 50,
      "laMax": null,
      "laBin": 10,
      "woba": 0.043,
      "xwobacon": 0.017,
      "quality": false,
      "count": 476
    },
    {
      "spray": "pull",
      "laMin": null,
      "laMax": 0,
      "laBin": 0,
      "woba": 0.149,
      "xwobacon": 0.156,
      "quality": false,
      "count": 1540
    },
    {
      "spray": "pull",
      "laMin": 0,
      "laMax": 5,
      "laBin": 1,
      "woba": 0.304,
      "xwobacon": 0.377,
      "quality": false,
      "count": 316
    },
    {
      "spray": "pull",
      "laMin": 5,
      "laMax": 10,
      "laBin": 2,
      "woba": 0.433,
      "xwobacon": 0.515,
      "quality": false,
      "count": 297
    },
    {
      "spray": "pull",
      "laMin": 10,
      "laMax": 15,
      "laBin": 3,
      "woba": 0.773,
      "xwobacon": 0.759,
      "quality": true,
      "count": 278
    },
    {
      "spray": "pull",
      "laMin": 15,
      "laMax": 20,
      "laBin": 4,
      "woba": 0.806,
      "xwobacon": 0.699,
      "quality": true,
      "count": 231
    },
    {
      "spray": "pull",
      "laMin": 20,
      "laMax": 25,
      "laBin": 5,
      "woba": 0.97,
      "xwobacon": 0.836,
      "quality": true,
      "count": 225
    },
    {
      "spray": "pull",
      "laMin": 25,
      "laMax": 30,
      "laBin": 6,
      "woba": 1.074,
      "xwobacon": 0.926,
      "quality": true,
      "count": 187
    },
    {
      "spray": "pull",
      "laMin": 30,
      "laMax": 35,
      "laBin": 7,
      "woba": 0.913,
      "xwobacon": 0.669,
      "quality": true,
      "count": 142
    },
    {
      "spray": "pull",
      "laMin": 35,
      "laMax": 40,
      "laBin": 8,
      "woba": 0.617,
      "xwobacon": 0.484,
      "quality": true,
      "count": 107
    },
    {
      "spray": "pull",
      "laMin": 40,
      "laMax": 50,
      "laBin": 9,
      "woba": 0.206,
      "xwobacon": 0.14,
      "quality": false,
      "count": 127
    },
    {
      "spray": "pull",
      "laMin": 50,
      "laMax": null,
      "laBin": 10,
      "woba": 0.028,
      "xwobacon": 0.018,
      "quality": false,
      "count": 162
    }
  ],
  "mvnModels": {
    "CH_L": {
      "mlb": {
        "mu": [
          4.18219,
          -14.491527,
          37.20219,
          6.393643,
          84.51147
        ],
        "cov": [
          [
            28.507555,
            0.663577,
            35.233297,
            0.249545,
            -1.935361
          ],
          [
            0.663577,
            9.889657,
            6.331019,
            0.108815,
            -2.543644
          ],
          [
            35.233297,
            6.331019,
            111.578369,
            -0.006099,
            2.635869
          ],
          [
            0.249545,
            0.108815,
            -0.006099,
            0.197128,
            -0.25146
          ],
          [
            -1.935361,
            -2.543644,
            2.635869,
            -0.25146,
            10.62661
          ]
        ],
        "n": 1735
      },
      "roc": {
        "mu": [
          4.286693,
          -14.489772,
          5.667795,
          1.831897,
          6.397964,
          84.652185
        ],
        "cov": [
          [
            28.422803,
            0.650737,
            0.906773,
            -1.263653,
            0.183882,
            -1.097914
          ],
          [
            0.650737,
            9.974818,
            0.055255,
            0.168781,
            0.085632,
            -2.121567
          ],
          [
            0.906773,
            0.055255,
            0.153125,
            -0.143302,
            -0.006379,
            0.2235
          ],
          [
            -1.263653,
            0.168781,
            -0.143302,
            0.600492,
            0.059953,
            -0.643027
          ],
          [
            0.183882,
            0.085632,
            -0.006379,
            0.059953,
            0.187962,
            -0.200321
          ],
          [
            -1.097914,
            -2.121567,
            0.2235,
            -0.643027,
            -0.200321,
            10.242914
          ]
        ],
        "n": 2014
      }
    },
    "CH_R": {
      "mlb": {
        "mu": [
          3.709757,
          14.788239,
          35.407654,
          6.472832,
          86.789947
        ],
        "cov": [
          [
            25.13302,
            2.944108,
            31.218552,
            -0.000611,
            -1.918476
          ],
          [
            2.944108,
            13.281176,
            -5.874376,
            -0.059095,
            0.369208
          ],
          [
            31.218552,
            -5.874376,
            143.12354,
            -0.058578,
            -3.196831
          ],
          [
            -0.000611,
            -0.059095,
            -0.058578,
            0.138428,
            -0.087714
          ],
          [
            -1.918476,
            0.369208,
            -3.196831,
            -0.087714,
            11.065768
          ]
        ],
        "n": 3044
      },
      "roc": {
        "mu": [
          3.772032,
          14.857863,
          5.57764,
          -1.727662,
          6.463403,
          86.79983
        ],
        "cov": [
          [
            24.176715,
            2.451123,
            1.01387,
            0.437166,
            -0.000695,
            -1.638701
          ],
          [
            2.451123,
            16.145494,
            -0.23915,
            -0.274083,
            -0.020788,
            0.935169
          ],
          [
            1.01387,
            -0.23915,
            0.188074,
            0.087963,
            -0.023604,
            -0.11431
          ],
          [
            0.437166,
            -0.274083,
            0.087963,
            0.444822,
            -0.004667,
            0.204926
          ],
          [
            -0.000695,
            -0.020788,
            -0.023604,
            -0.004667,
            0.136684,
            -0.089283
          ],
          [
            -1.638701,
            0.935169,
            -0.11431,
            0.204926,
            -0.089283,
            10.556973
          ]
        ],
        "n": 3529
      }
    },
    "CU_L": {
      "mlb": {
        "mu": [
          -11.704091,
          7.454152,
          46.714922,
          6.277954,
          79.45367
        ],
        "cov": [
          [
            17.980851,
            -6.76432,
            -13.377782,
            0.342034,
            6.654786
          ],
          [
            -6.76432,
            18.147932,
            -3.896628,
            -0.27213,
            -9.166464
          ],
          [
            -13.377782,
            -3.896628,
            79.666958,
            0.941039,
            -5.332934
          ],
          [
            0.342034,
            -0.27213,
            0.941039,
            0.187439,
            0.167998
          ],
          [
            6.654786,
            -9.166464,
            -5.332934,
            0.167998,
            16.694875
          ]
        ],
        "n": 831
      },
      "roc": {
        "mu": [
          -11.489414,
          7.637102,
          6.024563,
          1.614974,
          6.284121,
          79.57112
        ],
        "cov": [
          [
            17.833375,
            -7.330218,
            -0.487746,
            1.370712,
            0.355351,
            6.356057
          ],
          [
            -7.330218,
            20.302871,
            0.224159,
            -0.228406,
            -0.305432,
            -8.23474
          ],
          [
            -0.487746,
            0.224159,
            0.109707,
            -0.094611,
            -0.042142,
            -0.350484
          ],
          [
            1.370712,
            -0.228406,
            -0.094611,
            0.453978,
            0.027399,
            0.084981
          ],
          [
            0.355351,
            -0.305432,
            -0.042142,
            0.027399,
            0.176254,
            0.163244
          ],
          [
            6.356057,
            -8.23474,
            -0.350484,
            0.084981,
            0.163244,
            15.271891
          ]
        ],
        "n": 973
      }
    },
    "CU_R": {
      "mlb": {
        "mu": [
          -11.840784,
          -8.76671,
          43.706231,
          6.418497,
          80.77512
        ],
        "cov": [
          [
            13.029426,
            0.526245,
            -12.245278,
            0.03395,
            2.592738
          ],
          [
            0.526245,
            20.934576,
            20.971201,
            0.049827,
            7.397232
          ],
          [
            -12.245278,
            20.971201,
            94.905022,
            0.004808,
            2.759418
          ],
          [
            0.03395,
            0.049827,
            0.004808,
            0.155174,
            0.089323
          ],
          [
            2.592738,
            7.397232,
            2.759418,
            0.089323,
            15.088461
          ]
        ],
        "n": 2295
      },
      "roc": {
        "mu": [
          -11.922907,
          -8.721385,
          5.931446,
          -1.641461,
          6.42293,
          80.717009
        ],
        "cov": [
          [
            13.076864,
            0.611714,
            -0.425882,
            -0.439047,
            0.054469,
            2.573724
          ],
          [
            0.611714,
            20.853528,
            0.586375,
            0.521312,
            0.084851,
            7.403257
          ],
          [
            -0.425882,
            0.586375,
            0.164494,
            0.085935,
            -0.042229,
            -0.143903
          ],
          [
            -0.439047,
            0.521312,
            0.085935,
            0.439045,
            -0.025384,
            -0.023086
          ],
          [
            0.054469,
            0.084851,
            -0.042229,
            -0.025384,
            0.154038,
            0.148976
          ],
          [
            2.573724,
            7.403257,
            -0.143903,
            -0.023086,
            0.148976,
            15.012429
          ]
        ],
        "n": 2628
      }
    },
    "FC_L": {
      "mlb": {
        "mu": [
          8.246421,
          1.72047,
          38.333781,
          6.375783,
          88.786242
        ],
        "cov": [
          [
            8.014584,
            -2.902004,
            0.170166,
            -0.025599,
            1.301882
          ],
          [
            -2.902004,
            8.549693,
            5.674425,
            0.010551,
            -0.596459
          ],
          [
            0.170166,
            5.674425,
            89.468555,
            -0.142863,
            8.545706
          ],
          [
            -0.025599,
            0.010551,
            -0.142863,
            0.14585,
            0.197796
          ],
          [
            1.301882,
            -0.596459,
            8.545706,
            0.197796,
            5.727056
          ]
        ],
        "n": 894
      },
      "roc": {
        "mu": [
          8.334327,
          1.806923,
          5.731625,
          1.950923,
          6.404192,
          88.919712
        ],
        "cov": [
          [
            8.515288,
            -2.845541,
            -0.048826,
            -0.009677,
            -0.022029,
            1.626127
          ],
          [
            -2.845541,
            8.069115,
            0.239533,
            0.091757,
            0.023759,
            -0.561022
          ],
          [
            -0.048826,
            0.239533,
            0.125732,
            -0.106311,
            -0.011478,
            0.314192
          ],
          [
            -0.009677,
            0.091757,
            -0.106311,
            0.51986,
            0.087848,
            -0.321471
          ],
          [
            -0.022029,
            0.023759,
            -0.011478,
            0.087848,
            0.140028,
            0.212364
          ],
          [
            1.626127,
            -0.561022,
            0.314192,
            -0.321471,
            0.212364,
            5.569688
          ]
        ],
        "n": 1040
      }
    },
    "FC_R": {
      "mlb": {
        "mu": [
          8.67306,
          -1.982587,
          37.509938,
          6.40062,
          90.111992
        ],
        "cov": [
          [
            9.744763,
            1.426065,
            6.708904,
            0.073761,
            2.46997
          ],
          [
            1.426065,
            8.75802,
            -9.772314,
            -0.14845,
            2.089668
          ],
          [
            6.708904,
            -9.772314,
            121.406754,
            -0.147201,
            3.531323
          ],
          [
            0.073761,
            -0.14845,
            -0.147201,
            0.202766,
            0.068508
          ],
          [
            2.46997,
            2.089668,
            3.531323,
            0.068508,
            8.915896
          ]
        ],
        "n": 2435
      },
      "roc": {
        "mu": [
          8.662537,
          -2.086751,
          5.647771,
          -1.6847,
          6.373786,
          89.943226
        ],
        "cov": [
          [
            10.012609,
            1.116206,
            0.214607,
            0.472373,
            0.094256,
            2.67391
          ],
          [
            1.116206,
            8.768572,
            -0.343094,
            -0.255269,
            -0.142507,
            1.902071
          ],
          [
            0.214607,
            -0.343094,
            0.177419,
            0.105138,
            -0.035303,
            0.050605
          ],
          [
            0.472373,
            -0.255269,
            0.105138,
            0.488843,
            -0.053314,
            0.255918
          ],
          [
            0.094256,
            -0.142507,
            -0.035303,
            -0.053314,
            0.207839,
            0.170756
          ],
          [
            2.67391,
            1.902071,
            0.050605,
            0.255918,
            0.170756,
            8.904204
          ]
        ],
        "n": 3019
      }
    },
    "FF_L": {
      "mlb": {
        "mu": [
          16.312359,
          -8.149085,
          40.720679,
          6.45196,
          93.401427
        ],
        "cov": [
          [
            8.179004,
            4.06125,
            22.003243,
            0.027553,
            0.220147
          ],
          [
            4.06125,
            16.019015,
            26.745788,
            0.281655,
            -0.654931
          ],
          [
            22.003243,
            26.745788,
            139.146882,
            0.611036,
            2.555028
          ],
          [
            0.027553,
            0.281655,
            0.611036,
            0.180898,
            -0.125364
          ],
          [
            0.220147,
            -0.654931,
            2.555028,
            -0.125364,
            5.602258
          ]
        ],
        "n": 3714
      },
      "roc": {
        "mu": [
          16.43133,
          -7.87356,
          5.723967,
          1.746798,
          6.460256,
          93.354548
        ],
        "cov": [
          [
            8.289946,
            3.506758,
            0.482088,
            -0.874109,
            0.049626,
            0.460661
          ],
          [
            3.506758,
            15.892204,
            0.634581,
            -0.97218,
            0.246686,
            -0.467735
          ],
          [
            0.482088,
            0.634581,
            0.150157,
            -0.14461,
            -0.013832,
            0.057392
          ],
          [
            -0.874109,
            -0.97218,
            -0.14461,
            0.516803,
            0.005312,
            -0.246983
          ],
          [
            0.049626,
            0.246686,
            -0.013832,
            0.005312,
            0.166913,
            -0.091669
          ],
          [
            0.460661,
            -0.467735,
            0.057392,
            -0.246983,
            -0.091669,
            5.399202
          ]
        ],
        "n": 4376
      }
    },
    "FF_R": {
      "mlb": {
        "mu": [
          16.19128,
          7.739103,
          39.367975,
          6.52217,
          95.050265
        ],
        "cov": [
          [
            7.558277,
            -2.638328,
            17.472957,
            0.191387,
            0.462615
          ],
          [
            -2.638328,
            15.622063,
            -26.623787,
            -0.30227,
            -0.55429
          ],
          [
            17.472957,
            -26.623787,
            136.786624,
            0.639918,
            4.270796
          ],
          [
            0.191387,
            -0.30227,
            0.639918,
            0.186841,
            0.055069
          ],
          [
            0.462615,
            -0.55429,
            4.270796,
            0.055069,
            5.578411
          ]
        ],
        "n": 9989
      },
      "roc": {
        "mu": [
          16.273858,
          7.893961,
          5.653883,
          -1.627498,
          6.513604,
          95.032361
        ],
        "cov": [
          [
            7.811367,
            -2.890944,
            0.471531,
            0.600371,
            0.19151,
            0.250151
          ],
          [
            -2.890944,
            16.472074,
            -0.736818,
            -0.862554,
            -0.273888,
            -0.31436
          ],
          [
            0.471531,
            -0.736818,
            0.183572,
            0.123012,
            -0.014565,
            0.135472
          ],
          [
            0.600371,
            -0.862554,
            0.123012,
            0.449857,
            -0.004577,
            0.180749
          ],
          [
            0.19151,
            -0.273888,
            -0.014565,
            -0.004577,
            0.181877,
            0.067987
          ],
          [
            0.250151,
            -0.31436,
            0.135472,
            0.180749,
            0.067987,
            5.540273
          ]
        ],
        "n": 11690
      }
    },
    "FS_L": {
      "mlb": {
        "mu": [
          3.379926,
          -10.295167,
          37.885874,
          6.364275,
          85.490706
        ],
        "cov": [
          [
            26.427207,
            0.797747,
            25.222253,
            0.961463,
            1.650335
          ],
          [
            0.797747,
            18.641581,
            15.643949,
            0.509367,
            -4.974171
          ],
          [
            25.222253,
            15.643949,
            105.041815,
            1.456277,
            -0.889124
          ],
          [
            0.961463,
            0.509367,
            1.456277,
            0.243213,
            0.148868
          ],
          [
            1.650335,
            -4.974171,
            -0.889124,
            0.148868,
            5.293383
          ]
        ],
        "n": 269
      },
      "roc": {
        "mu": [
          3.723492,
          -10.399048,
          5.634635,
          1.797016,
          6.436032,
          85.628571
        ],
        "cov": [
          [
            27.004415,
            1.675678,
            0.077114,
            -0.809541,
            0.977992,
            1.918212
          ],
          [
            1.675678,
            17.494617,
            0.264085,
            0.08736,
            0.391892,
            -4.483212
          ],
          [
            0.077114,
            0.264085,
            0.066782,
            -0.050632,
            0.040738,
            -0.034461
          ],
          [
            -0.809541,
            0.08736,
            -0.050632,
            0.240452,
            -0.086149,
            -0.195851
          ],
          [
            0.977992,
            0.391892,
            0.040738,
            -0.086149,
            0.239422,
            0.190712
          ],
          [
            1.918212,
            -4.483212,
            -0.034461,
            -0.195851,
            0.190712,
            4.977207
          ]
        ],
        "n": 315
      }
    },
    "FS_R": {
      "mlb": {
        "mu": [
          2.692059,
          11.760103,
          40.465526,
          6.620697,
          87.051517
        ],
        "cov": [
          [
            20.720589,
            3.29958,
            16.445902,
            -0.347224,
            1.411559
          ],
          [
            3.29958,
            21.570978,
            -13.779884,
            -0.196775,
            5.732451
          ],
          [
            16.445902,
            -13.779884,
            75.350632,
            0.105484,
            -8.531136
          ],
          [
            -0.347224,
            -0.196775,
            0.105484,
            0.134233,
            -0.286098
          ],
          [
            1.411559,
            5.732451,
            -8.531136,
            -0.286098,
            11.5979
          ]
        ],
        "n": 1549
      },
      "roc": {
        "mu": [
          2.72042,
          11.811638,
          5.740453,
          -1.653852,
          6.60438,
          87.022037
        ],
        "cov": [
          [
            19.769378,
            2.899358,
            0.218304,
            0.454116,
            -0.346149,
            1.407862
          ],
          [
            2.899358,
            20.825029,
            -0.446198,
            -0.444964,
            -0.177114,
            5.400369
          ],
          [
            0.218304,
            -0.446198,
            0.11599,
            0.060746,
            -0.030095,
            -0.232604
          ],
          [
            0.454116,
            -0.444964,
            0.060746,
            0.279953,
            -0.024509,
            -0.258043
          ],
          [
            -0.346149,
            -0.177114,
            -0.030095,
            -0.024509,
            0.135658,
            -0.261755
          ],
          [
            1.407862,
            5.400369,
            -0.232604,
            -0.258043,
            -0.261755,
            11.473924
          ]
        ],
        "n": 1856
      }
    },
    "SI_L": {
      "mlb": {
        "mu": [
          7.215708,
          -15.781375,
          33.462083,
          6.361267,
          93.028333
        ],
        "cov": [
          [
            21.384609,
            2.940312,
            40.73561,
            0.295529,
            3.944657
          ],
          [
            2.940312,
            8.983876,
            13.533799,
            0.175309,
            -0.387356
          ],
          [
            40.73561,
            13.533799,
            184.923706,
            -0.628,
            17.026727
          ],
          [
            0.295529,
            0.175309,
            -0.628,
            0.306709,
            -0.325861
          ],
          [
            3.944657,
            -0.387356,
            17.026727,
            -0.325861,
            7.945633
          ]
        ],
        "n": 2400
      },
      "roc": {
        "mu": [
          7.224415,
          -15.830113,
          5.586879,
          1.922675,
          6.375245,
          93.048604
        ],
        "cov": [
          [
            20.941952,
            2.968576,
            1.155808,
            -1.436246,
            0.273706,
            3.983218
          ],
          [
            2.968576,
            8.938293,
            0.40239,
            -0.656795,
            0.112159,
            -0.391545
          ],
          [
            1.155808,
            0.40239,
            0.280104,
            -0.25755,
            -0.021602,
            0.691703
          ],
          [
            -1.436246,
            -0.656795,
            -0.25755,
            0.699642,
            0.101866,
            -0.930956
          ],
          [
            0.273706,
            0.112159,
            -0.021602,
            0.101866,
            0.305275,
            -0.2649
          ],
          [
            3.983218,
            -0.391545,
            0.691703,
            -0.930956,
            -0.2649,
            7.907271
          ]
        ],
        "n": 2650
      }
    },
    "SI_R": {
      "mlb": {
        "mu": [
          7.632808,
          15.564779,
          32.975092,
          6.43418,
          94.345495
        ],
        "cov": [
          [
            24.206969,
            -0.97836,
            53.978735,
            0.335263,
            3.571427
          ],
          [
            -0.97836,
            9.262122,
            -0.606728,
            -0.122734,
            1.718755
          ],
          [
            53.978735,
            -0.606728,
            225.159843,
            0.662335,
            15.630956
          ],
          [
            0.335263,
            -0.122734,
            0.662335,
            0.165134,
            0.04255
          ],
          [
            3.571427,
            1.718755,
            15.630956,
