{
  "teams": [
    "ARI",
    "ATH",
    "ATL",
    "BAL",
    "BOS",
    "CHC",
    "CIN",
    "CLE",
    "COL",
    "CWS",
    "DET",
    "HOU",
    "KCR",
    "LAA",
    "LAD",
    "MIA",
    "MIL",
    "MIN",
    "NYM",
    "NYY",
    "PHI",
    "PIT",
    "ROC",
    "SDP",
    "SEA",
    "SFG",
    "STL",
    "TBR",
    "TEX",
    "TOR",
    "WSH"
  ],
  "pitchTypes": [
    "CH",
    "CU",
    "EP",
    "FC",
    "FF",
    "FS",
    "SI",
    "SL",
    "ST",
    "SV"
  ],
  "generatedAt": "2026-04-06 18:03",
  "totalPitches": 41644,
  "totalPitchers": 415,
  "totalHitters": 399,
  "rocTeams": [
    "ROC"
  ],
  "leagueAverages": {
    "FF": {
      "velocity": 94.6,
      "spinRate": 2315.9,
      "indVertBrk": 16.19,
      "horzBrk": 3.37,
      "relPosZ": 5.66,
      "relPosX": -0.68,
      "extension": 6.51,
      "armAngle": 39.56,
      "vaa": -4.61,
      "haa": 0.49,
      "strikePct": 0.6557,
      "izPct": 0.5238,
      "swStrRate": 0.1098,
      "swStrPct": 0.2244,
      "cswPct": 0.2812,
      "izWhiffPct": 0.1749,
      "chasePct": 0.2809,
      "gbPct": 0.3088,
      "fpsPct": 0.6079,
      "breakTiltMinutes": 24,
      "breakTilt": "12:24",
      "xBA": 0.2468,
      "xSLG": 0.4471,
      "xwOBA": 0.3538,
      "count": 383
    },
    "SI": {
      "velocity": 93.96,
      "spinRate": 2193.04,
      "indVertBrk": 7.48,
      "horzBrk": 5.69,
      "relPosZ": 5.52,
      "relPosX": -0.55,
      "extension": 6.41,
      "armAngle": 32.99,
      "vaa": -5.81,
      "haa": 0.04,
      "strikePct": 0.6581,
      "izPct": 0.548,
      "swStrRate": 0.0666,
      "swStrPct": 0.1479,
      "cswPct": 0.2816,
      "izWhiffPct": 0.1015,
      "chasePct": 0.2443,
      "gbPct": 0.5355,
      "fpsPct": 0.6081,
      "breakTiltMinutes": 72,
      "breakTilt": "1:12",
      "xBA": 0.2809,
      "xSLG": 0.4058,
      "xwOBA": 0.3536,
      "count": 307
    },
    "SL": {
      "velocity": 86.24,
      "spinRate": 2435.02,
      "indVertBrk": 0.8,
      "horzBrk": -1.5,
      "relPosZ": 5.78,
      "relPosX": -0.68,
      "extension": 6.35,
      "armAngle": 40.71,
      "vaa": -7.81,
      "haa": 1.13,
      "strikePct": 0.6297,
      "izPct": 0.4578,
      "swStrRate": 0.1748,
      "swStrPct": 0.365,
      "cswPct": 0.3306,
      "izWhiffPct": 0.2211,
      "chasePct": 0.3249,
      "gbPct": 0.4303,
      "fpsPct": 0.6237,
      "breakTiltMinutes": 613,
      "breakTilt": "10:13",
      "xBA": 0.211,
      "xSLG": 0.3483,
      "xwOBA": 0.2766,
      "count": 254
    },
    "FS": {
      "velocity": 86.75,
      "spinRate": 1394.16,
      "indVertBrk": 2.6,
      "horzBrk": 8.76,
      "relPosZ": 5.71,
      "relPosX": -1.19,
      "extension": 6.57,
      "armAngle": 39.1,
      "vaa": -7.79,
      "haa": 0.35,
      "strikePct": 0.583,
      "izPct": 0.3699,
      "swStrRate": 0.1927,
      "swStrPct": 0.3805,
      "cswPct": 0.2608,
      "izWhiffPct": 0.2652,
      "chasePct": 0.3474,
      "gbPct": 0.5569,
      "fpsPct": 0.5712,
      "breakTiltMinutes": 137,
      "breakTilt": "2:17",
      "xBA": 0.1976,
      "xSLG": 0.2893,
      "xwOBA": 0.2414,
      "count": 81
    },
    "ST": {
      "velocity": 82.42,
      "spinRate": 2572.0,
      "indVertBrk": 1.3,
      "horzBrk": -4.63,
      "relPosZ": 5.43,
      "relPosX": -0.52,
      "extension": 6.32,
      "armAngle": 29.87,
      "vaa": -7.65,
      "haa": 1.23,
      "strikePct": 0.5878,
      "izPct": 0.4361,
      "swStrRate": 0.1442,
      "swStrPct": 0.3227,
      "cswPct": 0.2999,
      "izWhiffPct": 0.2001,
      "chasePct": 0.2788,
      "gbPct": 0.3381,
      "fpsPct": 0.5611,
      "breakTiltMinutes": 569,
      "breakTilt": "9:29",
      "xBA": 0.1801,
      "xSLG": 0.2979,
      "xwOBA": 0.2491,
      "count": 196
    },
    "SV": {
      "velocity": 82.02,
      "spinRate": 2595.95,
      "indVertBrk": -6.42,
      "horzBrk": -9.91,
      "relPosZ": 5.71,
      "relPosX": -1.55,
      "extension": 6.35,
      "armAngle": 35.44,
      "vaa": -8.91,
      "haa": 2.93,
      "strikePct": 0.5989,
      "izPct": 0.4258,
      "swStrRate": 0.1555,
      "swStrPct": 0.3652,
      "cswPct": 0.3233,
      "izWhiffPct": 0.1214,
      "chasePct": 0.3199,
      "gbPct": 0.4014,
      "fpsPct": 0.5898,
      "breakTiltMinutes": 467,
      "breakTilt": "7:47",
      "xBA": 0.1974,
      "xSLG": 0.3092,
      "xwOBA": 0.2503,
      "count": 28
    },
    "FC": {
      "velocity": 89.82,
      "spinRate": 2382.19,
      "indVertBrk": 8.52,
      "horzBrk": -0.92,
      "relPosZ": 5.68,
      "relPosX": -0.68,
      "extension": 6.39,
      "armAngle": 37.93,
      "vaa": -6.03,
      "haa": 1.05,
      "strikePct": 0.6484,
      "izPct": 0.5268,
      "swStrRate": 0.1162,
      "swStrPct": 0.2424,
      "cswPct": 0.2882,
      "izWhiffPct": 0.1688,
      "chasePct": 0.2536,
      "gbPct": 0.3653,
      "fpsPct": 0.6047,
      "breakTiltMinutes": 706,
      "breakTilt": "11:46",
      "xBA": 0.2601,
      "xSLG": 0.4457,
      "xwOBA": 0.3531,
      "count": 172
    },
    "CH": {
      "velocity": 86.12,
      "spinRate": 1746.24,
      "indVertBrk": 3.93,
      "horzBrk": 3.89,
      "relPosZ": 5.59,
      "relPosX": -0.39,
      "extension": 6.44,
      "armAngle": 36.29,
      "vaa": -7.49,
      "haa": 0.03,
      "strikePct": 0.5825,
      "izPct": 0.4032,
      "swStrRate": 0.1665,
      "swStrPct": 0.3436,
      "cswPct": 0.2608,
      "izWhiffPct": 0.2459,
      "chasePct": 0.3129,
      "gbPct": 0.5269,
      "fpsPct": 0.5479,
      "breakTiltMinutes": 102,
      "breakTilt": "1:42",
      "xBA": 0.2182,
      "xSLG": 0.3207,
      "xwOBA": 0.2647,
      "count": 250
    },
    "CU": {
      "velocity": 80.47,
      "spinRate": 2570.27,
      "indVertBrk": -11.75,
      "horzBrk": -4.35,
      "relPosZ": 5.95,
      "relPosX": -0.76,
      "extension": 6.38,
      "armAngle": 44.47,
      "vaa": -9.85,
      "haa": 1.38,
      "strikePct": 0.5726,
      "izPct": 0.4193,
      "swStrRate": 0.1287,
      "swStrPct": 0.3134,
      "cswPct": 0.2979,
      "izWhiffPct": 0.1673,
      "chasePct": 0.2713,
      "gbPct": 0.4909,
      "fpsPct": 0.5252,
      "breakTiltMinutes": 394,
      "breakTilt": "6:34",
      "xBA": 0.2148,
      "xSLG": 0.3531,
      "xwOBA": 0.2819,
      "count": 182
    }
  },
  "pitcherLeagueAverages": {
    "strikePct": 0.6288,
    "izPct": 0.4841,
    "swStrRate": 0.1258,
    "swStrPct": 0.2696,
    "cswPct": 0.2887,
    "izWhiffPct": 0.1793,
    "chasePct": 0.2877,
    "gbPct": 0.4253,
    "kPct": 0.2384,
    "bbPct": 0.0966,
    "kbbPct": 0.1418,
    "babip": 0.2865,
    "fpsPct": 0.5936,
    "twoStrikeWhiffPct": 0.2627,
    "relPosZ": 5.6501,
    "relPosX": -0.6488,
    "extension": 6.4316,
    "armAngle": 37.549,
    "vaa": -6.4697,
    "haa": 0.6462,
    "avgEVAgainst": 88.9495,
    "maxEVAgainst": 107.8283,
    "hardHitPct": 0.4014,
    "barrelPctAgainst": 0.0844,
    "ldPct": 0.2268,
    "fbPct": 0.2668,
    "puPct": 0.0779,
    "hrFbPct": 0.1138,
    "wOBA": 0.3129,
    "xBA": 0.2352,
    "xSLG": 0.3846,
    "xwOBA": 0.315,
    "xwOBAcon": 0.3676,
    "count": 415,
    "era": 4.04,
    "hr9": 1.0,
    "fip": 4.0,
    "xFIP": 4.03,
    "siera": 4.03
  },
  "hitterLeagueAverages": {
    "avg": 0.2332,
    "obp": 0.3141,
    "slg": 0.3769,
    "ops": 0.691,
    "iso": 0.1437,
    "babip": 0.2875,
    "kPct": 0.2378,
    "bbPct": 0.0964,
    "wOBA": 0.3137,
    "xBA": 0.2359,
    "xSLG": 0.3868,
    "xwOBA": 0.3157,
    "xwOBAcon": 0.3678,
    "xwOBAsp": 0.3673,
    "avgEVAll": 88.972,
    "medEV": 90.7719,
    "ev75": 104.0812,
    "maxEV": 106.5225,
    "medLA": 13.9704,
    "hardHitPct": 0.4019,
    "barrelPct": 0.085,
    "laSweetSpotPct": 0.3435,
    "sacqPct": 0.2586,
    "gbPct": 0.4276,
    "ldPct": 0.2273,
    "fbPct": 0.2674,
    "puPct": 0.0777,
    "hrFbPct": 0.1204,
    "pullPct": 0.4514,
    "middlePct": 0.2821,
    "oppoPct": 0.2666,
    "airPullPct": 0.189,
    "swingPct": 0.4673,
    "izSwingPct": 0.6533,
    "chasePct": 0.2916,
    "izSwChase": 0.3618,
    "contactPct": 0.7331,
    "izContactPct": 0.8235,
    "whiffPct": 0.2669,
    "batSpeed": 71.0498,
    "swingLength": 7.2948,
    "attackAngle": 9.969,
    "attackDirection": -1.6073,
    "swingPathTilt": 32.1481,
    "twoStrikeWhiffPct": 0.2676,
    "firstPitchSwingPct": 0.3045,
    "avgFbDist": 309.7894,
    "avgHrDist": 393.6351,
    "squaredUpPct": 0.6484,
    "sprintSpeed": 26.933,
    "count": 399
  },
  "vaaRegressions": {
    "CH": {
      "slope": 1.085623,
      "intercept": -9.454846,
      "leagueAvgPlateZ": 1.811578
    },
    "CU": {
      "slope": 0.972529,
      "intercept": -11.618991,
      "leagueAvgPlateZ": 1.822596
    },
    "EP": {
      "slope": 0.656059,
      "intercept": -18.066152,
      "leagueAvgPlateZ": 2.801905
    },
    "FC": {
      "slope": 1.109328,
      "intercept": -8.824772,
      "leagueAvgPlateZ": 2.516937
    },
    "FF": {
      "slope": 1.062602,
      "intercept": -7.670124,
      "leagueAvgPlateZ": 2.882055
    },
    "FS": {
      "slope": 1.065604,
      "intercept": -9.611643,
      "leagueAvgPlateZ": 1.709423
    },
    "SI": {
      "slope": 1.090936,
      "intercept": -8.464085,
      "leagueAvgPlateZ": 2.435213
    },
    "SL": {
      "slope": 1.073938,
      "intercept": -9.878152,
      "leagueAvgPlateZ": 1.922118
    },
    "ST": {
      "slope": 1.127512,
      "intercept": -9.916854,
      "leagueAvgPlateZ": 2.014007
    },
    "SV": {
      "slope": 1.085293,
      "intercept": -10.905843,
      "leagueAvgPlateZ": 1.836678
    }
  },
  "haaRegressions": {
    "CH": {
      "slope": 0.757391,
      "intercept": 0.069419,
      "leagueAvgPlateX": -0.051178
    },
    "CU": {
      "slope": 1.264436,
      "intercept": 1.304327,
      "leagueAvgPlateX": 0.056949
    },
    "EP": {
      "slope": 1.176195,
      "intercept": 1.168818,
      "leagueAvgPlateX": -0.089683
    },
    "FC": {
      "slope": 1.700345,
      "intercept": 0.817327,
      "leagueAvgPlateX": 0.138299
    },
    "FF": {
      "slope": 1.032548,
      "intercept": 0.490216,
      "leagueAvgPlateX": -0.002226
    },
    "FS": {
      "slope": 0.855303,
      "intercept": 0.53512,
      "leagueAvgPlateX": -0.21372
    },
    "SI": {
      "slope": 0.821429,
      "intercept": 0.098124,
      "leagueAvgPlateX": -0.069293
    },
    "SL": {
      "slope": 1.803913,
      "intercept": 0.838338,
      "leagueAvgPlateX": 0.16267
    },
    "ST": {
      "slope": 2.386143,
      "intercept": 0.836382,
      "leagueAvgPlateX": 0.163202
    },
    "SV": {
      "slope": 1.656319,
      "intercept": 2.674293,
      "leagueAvgPlateX": 0.155919
    }
  },
  "sacqZones": [
    {
      "spray": "center",
      "laMin": null,
      "laMax": 0,
      "laBin": 0,
      "woba": 0.234,
      "xwobacon": 0.187,
      "quality": false,
      "count": 443
    },
    {
      "spray": "center",
      "laMin": 0,
      "laMax": 5,
      "laBin": 1,
      "woba": 0.457,
      "xwobacon": 0.407,
      "quality": false,
      "count": 120
    },
    {
      "spray": "center",
      "laMin": 5,
      "laMax": 10,
      "laBin": 2,
      "woba": 0.496,
      "xwobacon": 0.508,
      "quality": false,
      "count": 141
    },
    {
      "spray": "center",
      "laMin": 10,
      "laMax": 15,
      "laBin": 3,
      "woba": 0.711,
      "xwobacon": 0.735,
      "quality": true,
      "count": 145
    },
    {
      "spray": "center",
      "laMin": 15,
      "laMax": 20,
      "laBin": 4,
      "woba": 0.582,
      "xwobacon": 0.658,
      "quality": true,
      "count": 180
    },
    {
      "spray": "center",
      "laMin": 20,
      "laMax": 25,
      "laBin": 5,
      "woba": 0.488,
      "xwobacon": 0.671,
      "quality": false,
      "count": 154
    },
    {
      "spray": "center",
      "laMin": 25,
      "laMax": 30,
      "laBin": 6,
      "woba": 0.37,
      "xwobacon": 0.731,
      "quality": false,
      "count": 163
    },
    {
      "spray": "center",
      "laMin": 30,
      "laMax": 35,
      "laBin": 7,
      "woba": 0.357,
      "xwobacon": 0.63,
      "quality": false,
      "count": 139
    },
    {
      "spray": "center",
      "laMin": 35,
      "laMax": 40,
      "laBin": 8,
      "woba": 0.149,
      "xwobacon": 0.34,
      "quality": false,
      "count": 102
    },
    {
      "spray": "center",
      "laMin": 40,
      "laMax": 50,
      "laBin": 9,
      "woba": 0.059,
      "xwobacon": 0.101,
      "quality": false,
      "count": 161
    },
    {
      "spray": "center",
      "laMin": 50,
      "laMax": null,
      "laBin": 10,
      "woba": 0.015,
      "xwobacon": 0.019,
      "quality": false,
      "count": 146
    },
    {
      "spray": "oppo",
      "laMin": null,
      "laMax": 0,
      "laBin": 0,
      "woba": 0.296,
      "xwobacon": 0.174,
      "quality": false,
      "count": 284
    },
    {
      "spray": "oppo",
      "laMin": 0,
      "laMax": 5,
      "laBin": 1,
      "woba": 0.471,
      "xwobacon": 0.365,
      "quality": false,
      "count": 84
    },
    {
      "spray": "oppo",
      "laMin": 5,
      "laMax": 10,
      "laBin": 2,
      "woba": 0.615,
      "xwobacon": 0.471,
      "quality": true,
      "count": 97
    },
    {
      "spray": "oppo",
      "laMin": 10,
      "laMax": 15,
      "laBin": 3,
      "woba": 0.774,
      "xwobacon": 0.7,
      "quality": true,
      "count": 114
    },
    {
      "spray": "oppo",
      "laMin": 15,
      "laMax": 20,
      "laBin": 4,
      "woba": 0.604,
      "xwobacon": 0.627,
      "quality": true,
      "count": 99
    },
    {
      "spray": "oppo",
      "laMin": 20,
      "laMax": 25,
      "laBin": 5,
      "woba": 0.528,
      "xwobacon": 0.584,
      "quality": true,
      "count": 141
    },
    {
      "spray": "oppo",
      "laMin": 25,
      "laMax": 30,
      "laBin": 6,
      "woba": 0.488,
      "xwobacon": 0.521,
      "quality": false,
      "count": 125
    },
    {
      "spray": "oppo",
      "laMin": 30,
      "laMax": 35,
      "laBin": 7,
      "woba": 0.347,
      "xwobacon": 0.399,
      "quality": false,
      "count": 133
    },
    {
      "spray": "oppo",
      "laMin": 35,
      "laMax": 40,
      "laBin": 8,
      "woba": 0.142,
      "xwobacon": 0.158,
      "quality": false,
      "count": 114
    },
    {
      "spray": "oppo",
      "laMin": 40,
      "laMax": 50,
      "laBin": 9,
      "woba": 0.084,
      "xwobacon": 0.063,
      "quality": false,
      "count": 205
    },
    {
      "spray": "oppo",
      "laMin": 50,
      "laMax": null,
      "laBin": 10,
      "woba": 0.049,
      "xwobacon": 0.017,
      "quality": false,
      "count": 396
    },
    {
      "spray": "pull",
      "laMin": null,
      "laMax": 0,
      "laBin": 0,
      "woba": 0.149,
      "xwobacon": 0.156,
      "quality": false,
      "count": 1279
    },
    {
      "spray": "pull",
      "laMin": 0,
      "laMax": 5,
      "laBin": 1,
      "woba": 0.307,
      "xwobacon": 0.378,
      "quality": false,
      "count": 268
    },
    {
      "spray": "pull",
      "laMin": 5,
      "laMax": 10,
      "laBin": 2,
      "woba": 0.436,
      "xwobacon": 0.52,
      "quality": false,
      "count": 259
    },
    {
      "spray": "pull",
      "laMin": 10,
      "laMax": 15,
      "laBin": 3,
      "woba": 0.788,
      "xwobacon": 0.764,
      "quality": true,
      "count": 225
    },
    {
      "spray": "pull",
      "laMin": 15,
      "laMax": 20,
      "laBin": 4,
      "woba": 0.79,
      "xwobacon": 0.695,
      "quality": true,
      "count": 194
    },
    {
      "spray": "pull",
      "laMin": 20,
      "laMax": 25,
      "laBin": 5,
      "woba": 0.943,
      "xwobacon": 0.82,
      "quality": true,
      "count": 187
    },
    {
      "spray": "pull",
      "laMin": 25,
      "laMax": 30,
      "laBin": 6,
      "woba": 1.11,
      "xwobacon": 0.949,
      "quality": true,
      "count": 146
    },
    {
      "spray": "pull",
      "laMin": 30,
      "laMax": 35,
      "laBin": 7,
      "woba": 0.939,
      "xwobacon": 0.692,
      "quality": true,
      "count": 118
    },
    {
      "spray": "pull",
      "laMin": 35,
      "laMax": 40,
      "laBin": 8,
      "woba": 0.614,
      "xwobacon": 0.488,
      "quality": true,
      "count": 90
    },
    {
      "spray": "pull",
      "laMin": 40,
      "laMax": 50,
      "laBin": 9,
      "woba": 0.236,
      "xwobacon": 0.148,
      "quality": false,
      "count": 107
    },
    {
      "spray": "pull",
      "laMin": 50,
      "laMax": null,
      "laBin": 10,
      "woba": 0.025,
      "xwobacon": 0.019,
      "quality": false,
      "count": 143
    }
  ],
  "mvnModels": {
    "CU_R": {
      "mlb": {
        "mu": [
          -11.824434,
          -8.724381,
          43.385519,
          6.43198,
          80.882886
        ],
        "cov": [
          [
            13.20894956,
            0.47503093,
            -12.61404738,
            0.07431342,
            2.11960795
          ],
          [
            0.47503093,
            20.79688153,
            21.82519996,
            0.11228486,
            7.68985649
          ],
          [
            -12.61404738,
            21.82519996,
            99.10711895,
            -0.02453401,
            4.21058976
          ],
          [
            0.07431342,
            0.11228486,
            -0.02453401,
            0.16035835,
            0.15201862
          ],
          [
            2.11960795,
            7.68985649,
            4.21058976,
            0.15201862,
            14.89814214
          ]
        ]
      },
      "roc": {
        "mu": [
          -11.772761,
          -8.720278,
          5.922858,
          -1.648005,
          6.420186,
          80.816102
        ],
        "cov": [
          [
            13.31018156,
            0.66968911,
            -0.38154261,
            -0.42170944,
            0.01494109,
            2.6670403
          ],
          [
            0.66968911,
            20.7519145,
            0.63151899,
            0.54377632,
            0.06775864,
            7.61184014
          ],
          [
            -0.38154261,
            0.63151899,
            0.16443491,
            0.08146941,
            -0.04190791,
            -0.12744345
          ],
          [
            -0.42170944,
            0.54377632,
            0.08146941,
            0.44938357,
            -0.01658603,
            -0.03146993
          ],
          [
            0.01494109,
            0.06775864,
            -0.04190791,
            -0.01658603,
            0.15835633,
            0.12841948
          ],
          [
            2.6670403,
            7.61184014,
            -0.12744345,
            -0.03146993,
            0.12841948,
            15.33879817
          ]
        ]
      }
    },
    "SI_R": {
      "mlb": {
        "mu": [
          7.569036,
          15.617218,
          32.526358,
          6.434391,
          94.370477
        ],
        "cov": [
          [
            24.11708733,
            -0.5657011,
            55.25509462,
            0.37498408,
            3.90740126
          ],
          [
            -0.5657011,
            9.74234227,
            1.50541661,
            -0.14036595,
            1.9361451
          ],
          [
            55.25509462,
            1.50541661,
            236.61868614,
            0.67982896,
            17.6675088
          ],
          [
            0.37498408,
            -0.14036595,
            0.67982896,
            0.16526702,
            0.04963899
          ],
          [
            3.90740126,
            1.9361451,
            17.6675088,
            0.04963899,
            7.05834388
          ]
        ]
      },
      "roc": {
        "mu": [
          7.547256,
          15.640239,
          5.491322,
          -1.693326,
          6.431772,
          94.361898
        ],
        "cov": [
          [
            23.99433879,
            -0.79096959,
            1.83171544,
            1.11563596,
            0.32374989,
            3.87302867
          ],
          [
            -0.79096959,
            9.24531744,
            0.14941381,
            -0.09911838,
            -0.14121149,
            1.81561899
          ],
          [
            1.83171544,
            0.14941381,
            0.3449609,
            0.15692933,
            -0.01435883,
            0.67946919
          ],
          [
            1.11563596,
            -0.09911838,
            0.15692933,
            0.42677863,
            0.01183646,
            0.23600502
          ],
          [
            0.32374989,
            -0.14121149,
            -0.01435883,
            0.01183646,
            0.16481605,
            0.04273881
          ],
          [
            3.87302867,
            1.81561899,
            0.67946919,
            0.23600502,
            0.04273881,
            6.9274375
          ]
        ]
      }
    },
    "SV_R": {
      "mlb": {
        "mu": [
          -6.464033,
          -13.00104,
          34.938669,
          6.358004,
          82.155509
        ],
        "cov": [
          [
            8.3562662,
            0.6163708,
            -4.93551871,
            0.1378261,
            -0.13683398
          ],
          [
            0.6163708,
            13.90185308,
            5.38449861,
            -0.48151458,
            5.93953699
          ],
          [
            -4.93551871,
            5.38449861,
            67.65070989,
            0.70182942,
            8.81920318
          ],
          [
            0.1378261,
            -0.48151458,
            0.70182942,
            0.20794392,
            -0.08847856
          ],
          [
            -0.13683398,
            5.93953699,
            8.81920318,
            -0.08847856,
            15.50072479
          ]
        ]
      },
      "roc": {
        "mu": [
          -6.4648,
          -12.965,
          5.69974,
          -1.96856,
          6.3555,
          82.0174
        ],
        "cov": [
          [
            8.53390878,
            0.94782365,
            -0.15084053,
            -0.02230329,
            0.13366373,
            -0.05927102
          ],
          [
            0.94782365,
            14.04135772,
            0.23326363,
            -0.34977194,
            -0.47891834,
            5.63373848
          ],
          [
            -0.15084053,
            0.23326363,
            0.08861977,
            0.00994847,
            -0.00084907,
            0.18847948
          ],
          [
            -0.02230329,
            -0.34977194,
            0.00994847,
            0.22652979,
            0.04031511,
            0.24468632
          ],
          [
            0.13366373,
            -0.47891834,
            -0.00084907,
            0.04031511,
            0.20283201,
            -0.08072114
          ],
          [
            -0.05927102,
            5.63373848,
            0.18847948,
            0.24468632,
            -0.08072114,
            15.55538802
          ]
        ]
      }
    },
    "FF_R": {
      "mlb": {
        "mu": [
          16.145856,
          7.807227,
          38.777837,
          6.530134,
          95.066601
        ],
        "cov": [
          [
            7.55588143,
            -2.88716013,
            18.02374742,
            0.18213408,
            0.45729219
          ],
          [
            -2.88716013,
            15.42009578,
            -27.10784399,
            -0.28131033,
            -0.61222435
          ],
          [
            18.02374742,
            -27.10784399,
            139.05672225,
            0.56199348,
            4.47077565
          ],
          [
            0.18213408,
            -0.28131033,
            0.56199348,
            0.18103939,
            0.06909133
          ],
          [
            0.45729219,
            -0.61222435,
            4.47077565,
            0.06909133,
            5.52269588
          ]
        ]
      },
      "roc": {
        "mu": [
          16.14908,
          7.781036,
          5.640865,
          -1.620544,
          6.526514,
          95.068153
        ],
        "cov": [
          [
            7.48593319,
            -2.8232184,
            0.478404,
            0.6175259,
            0.18400512,
            0.49358469
          ],
          [
            -2.8232184,
            15.36772953,
            -0.70081409,
            -0.84028577,
            -0.28104672,
            -0.43263753
          ],
          [
            0.478404,
            -0.70081409,
            0.17808068,
            0.11868615,
            -0.0104869,
            0.1641986
          ],
          [
            0.6175259,
            -0.84028577,
            0.11868615,
            0.44348553,
            -0.00157001,
            0.14805377
          ],
          [
            0.18400512,
            -0.28104672,
            -0.0104869,
            -0.00157001,
            0.1813234,
            0.05502165
          ],
          [
            0.49358469,
            -0.43263753,
            0.1641986,
            0.14805377,
            0.05502165,
            5.50442775
          ]
        ]
      }
    },
    "FF_L": {
      "mlb": {
        "mu": [
          16.318108,
          -8.166757,
          41.070169,
          6.463983,
          93.563074
        ],
        "cov": [
          [
            7.72953343,
            3.65511259,
            20.68882357,
            0.05218604,
            0.13568409
          ],
          [
            3.65511259,
            15.01839434,
            25.19133673,
            0.31100678,
            -0.42707216
          ],
          [
            20.68882357,
            25.19133673,
            137.1817019,
            0.63828378,
            2.44169634
          ],
          [
            0.05218604,
            0.31100678,
            0.63828378,
            0.18555875,
            -0.15428173
          ],
          [
            0.13568409,
            -0.42707216,
            2.44169634,
            -0.15428173,
            5.35721326
          ]
        ]
      },
      "roc": {
        "mu": [
          16.337057,
          -8.093657,
          5.698891,
          1.766183,
          6.460311,
          93.385886
        ],
        "cov": [
          [
            8.01832057,
            3.7864668,
            0.48539605,
            -0.91456357,
            0.03535456,
            0.3989313
          ],
          [
            3.7864668,
            15.81987973,
            0.58585756,
            -1.02016355,
            0.31028439,
            -0.4932514
          ],
          [
            0.48539605,
            0.58585756,
            0.1443395,
            -0.14082684,
            -0.0176,
            0.06540733
          ],
          [
            -0.91456357,
            -1.02016355,
            -0.14082684,
            0.52401538,
            0.01215666,
            -0.29352888
          ],
          [
            0.03535456,
            0.31028439,
            -0.0176,
            0.01215666,
            0.1759342,
            -0.1174966
          ],
          [
            0.3989313,
            -0.4932514,
            0.06540733,
            -0.29352888,
            -0.1174966,
            5.6432017
          ]
        ]
      }
    },
    "SV_L": {
      "mlb": {
        "mu": [
          -6.075926,
          13.003704,
          35.761111,
          6.231667,
          82.644444
        ],
        "cov": [
          [
            5.51054158,
            -1.92348707,
            -0.77432914,
            0.00075157,
            1.97947589
          ],
          [
            -1.92348707,
            7.77319357,
            -10.20362683,
            0.52395597,
            -2.38243187
          ],
          [
            -0.77432914,
            -10.20362683,
            114.33072327,
            -3.42521698,
            0.35798742
          ],
          [
            0.00075157,
            0.52395597,
            -3.42521698,
            0.18359528,
            -0.25615094
          ],
          [
            1.97947589,
            -2.38243187,
            0.35798742,
            -0.25615094,
            7.07874214
          ]
        ]
      },
      "roc": {
        "mu": [
          -6.041538,
          13.567692,
          5.783538,
          1.647077,
          6.276923,
          82.041538
        ],
        "cov": [
          [
            4.94277885,
            -1.86214423,
            0.07369615,
            0.43648606,
            0.00890144,
            1.5986274
          ],
          [
            -1.86214423,
            8.81659615,
            -0.40588389,
            0.34665409,
            0.55875841,
            -3.79254327
          ],
          [
            0.07369615,
            -0.40588389,
            0.09095135,
            -0.04712075,
            -0.09539363,
            0.51149135
          ],
          [
            0.43648606,
            0.34665409,
            -0.04712075,
            0.77304913,
            0.22501743,
            0.82857644
          ],
          [
            0.00890144,
            0.55875841,
            -0.09539363,
            0.22501743,
            0.16348726,
            -0.34171394
          ],
          [
            1.5986274,
            -3.79254327,
            0.51149135,
            0.82857644,
            -0.34171394,
            7.78371635
          ]
        ]
      }
    },
    "SL_L": {
      "mlb": {
        "mu": [
          0.980415,
          4.09917,
          41.15917,
          6.385145,
          84.857593
        ],
        "cov": [
          [
            18.05278886,
            -0.39573055,
            3.15182426,
            -0.00146393,
            0.68976678
          ],
          [
            -0.39573055,
            8.61878669,
            0.96628669,
            -0.05943925,
            -2.90860665
          ],
          [
            3.15182426,
            0.96628669,
            99.82681991,
            0.45555245,
            3.93615747
          ],
          [
            -0.00146393,
            -0.05943925,
            0.45555245,
            0.16843247,
            -0.01849342
          ],
          [
            0.68976678,
            -2.90860665,
            3.93615747,
            -0.01849342,
            7.5926437
          ]
        ]
      },
      "roc": {
        "mu": [
          1.022222,
          4.277778,
          5.80542,
          1.832251,
          6.366289,
          84.694017
        ],
        "cov": [
          [
            18.34981231,
            -1.53661915,
            0.14296143,
            0.21259072,
            0.00628138,
            1.14452364
          ],
          [
            -1.53661915,
            9.82306961,
            -0.32003984,
            0.33746915,
            -0.04953512,
            -3.56434545
          ],
          [
            0.14296143,
            -0.32003984,
            0.16643853,
            -0.14764435,
            0.01299561,
            0.13798826
          ],
          [
            0.21259072,
            0.33746915,
            -0.14764435,
            0.64573121,
            -0.04848124,
            -0.55869429
          ],
          [
            0.00628138,
            -0.04953512,
            0.01299561,
            -0.04848124,
            0.1654111,
            0.02568056
          ],
          [
            1.14452364,
            -3.56434545,
            0.13798826,
            -0.55869429,
            0.02568056,
            8.53354935
          ]
        ]
      }
    },
    "CU_L": {
      "mlb": {
        "mu": [
          -11.483333,
          7.314783,
          46.815507,
          6.299565,
          79.692754
        ],
        "cov": [
          [
            18.30638365,
            -6.8941074,
            -13.49143445,
            0.34781567,
            5.79630382
          ],
          [
            -6.8941074,
            17.74068101,
            -2.03696397,
            -0.30384262,
            -8.53549505
          ],
          [
            -13.49143445,
            -2.03696397,
            76.86813363,
            1.05970341,
            -4.40503986
          ],
          [
            0.34781567,
            -0.30384262,
            1.05970341,
            0.19565758,
            0.15650483
          ],
          [
            5.79630382,
            -8.53549505,
            -4.40503986,
            0.15650483,
            15.72502724
          ]
        ]
      },
      "roc": {
        "mu": [
          -11.694282,
          7.371919,
          6.014003,
          1.608285,
          6.284828,
          79.460991
        ],
        "cov": [
          [
            18.17957286,
            -7.22212931,
            -0.48940587,
            1.4614971,
            0.32747363,
            6.74517244
          ],
          [
            -7.22212931,
            17.79477023,
            0.19236063,
            -0.16936248,
            -0.2986276,
            -9.12571514
          ],
          [
            -0.48940587,
            0.19236063,
            0.09907035,
            -0.08924262,
            -0.04017457,
            -0.38967954
          ],
          [
            1.4614971,
            -0.16936248,
            -0.08924262,
            0.46239922,
            0.02935804,
            0.10391901
          ],
          [
            0.32747363,
            -0.2986276,
            -0.04017457,
            0.02935804,
            0.18445248,
            0.1770003
          ],
          [
            6.74517244,
            -9.12571514,
            -0.38967954,
            0.10391901,
            0.1770003,
            16.53327281
          ]
        ]
      }
    },
    "ST_L": {
      "mlb": {
        "mu": [
          0.191892,
          13.522926,
          29.303728,
          6.266058,
          80.858062
        ],
        "cov": [
          [
            16.35184651,
            -2.57490722,
            0.6210004,
            -0.06022789,
            -0.83060155
          ],
          [
            -2.57490722,
            17.18216046,
            0.19580998,
            0.05398692,
            -1.42471858
          ],
          [
            0.6210004,
            0.19580998,
            151.59866146,
            0.05266396,
            11.55196619
          ],
          [
            -0.06022789,
            0.05398692,
            0.05266396,
            0.3296101,
            -0.43041175
          ],
          [
            -0.83060155,
            -1.42471858,
            11.55196619,
            -0.43041175,
            8.71101937
          ]
        ]
      },
      "roc": {
        "mu": [
          0.253627,
          13.526895,
          5.426308,
          2.464393,
          6.265933,
          80.75762
        ],
        "cov": [
          [
            16.34876946,
            -2.60954297,
            -0.20267053,
            0.06170224,
            -0.11323687,
            -1.07670588
          ],
          [
            -2.60954297,
            17.64381115,
            0.1274338,
            0.35265582,
            -0.01319885,
            -1.24363089
          ],
          [
            -0.20267053,
            0.1274338,
            0.243976,
            -0.10324943,
            -0.03198118,
            0.37080589
          ],
          [
            0.06170224,
            0.35265582,
            -0.10324943,
            0.3939948,
            0.08592701,
            -0.5712419
          ],
          [
            -0.11323687,
            -0.01319885,
            -0.03198118,
            0.08592701,
            0.31832382,
            -0.40512681
          ],
          [
            -1.07670588,
            -1.24363089,
            0.37080589,
            -0.5712419,
            -0.40512681,
            8.81859401
          ]
        ]
      }
    },
    "CH_L": {
      "mlb": {
        "mu": [
          4.436898,
          -14.332082,
          38.112252,
          6.424802,
          84.78279
        ],
        "cov": [
          [
            28.23145827,
            2.00788907,
            35.26012875,
            0.41499279,
            -2.07373733
          ],
          [
            2.00788907,
            10.02884244,
            8.56716869,
            0.13446245,
            -1.87632147
          ],
          [
            35.26012875,
            8.56716869,
            112.32851739,
            0.25984758,
            2.85871561
          ],
          [
            0.41499279,
            0.13446245,
            0.25984758,
            0.21772335,
            -0.27012142
          ],
          [
            -2.07373733,
            -1.87632147,
            2.85871561,
            -0.27012142,
            10.47785387
          ]
        ]
      },
      "roc": {
        "mu": [
          4.253072,
          -14.295663,
          5.651651,
          1.826602,
          6.401687,
          84.613253
        ],
        "cov": [
          [
            28.80960478,
            1.46674375,
            0.88607811,
            -1.16913362,
            0.44369765,
            -1.95344038
          ],
          [
            1.46674375,
            9.95359178,
            0.08289278,
            0.019635,
            0.13668768,
            -2.21310755
          ],
          [
            0.88607811,
            0.08289278,
            0.1501294,
            -0.13093025,
            0.00453959,
            0.16405587
          ],
          [
            -1.16913362,
            0.019635,
            -0.13093025,
            0.59201545,
            0.05503961,
            -0.66425332
          ],
          [
            0.44369765,
            0.13668768,
            0.00453959,
            0.05503961,
            0.20756521,
            -0.23378427
          ],
          [
            -1.95344038,
            -2.21310755,
            0.16405587,
            -0.66425332,
            -0.23378427,
            10.88762413
          ]
        ]
      }
    },
    "FS_R": {
      "mlb": {
        "mu": [
          2.596003,
          12.022023,
          39.012072,
          6.612316,
          87.126101
        ],
        "cov": [
          [
            18.36338809,
            2.43065952,
            14.43394216,
            -0.23859726,
            1.29838196
          ],
          [
            2.43065952,
            18.36005337,
            -11.77984158,
            -0.11596942,
            4.87486961
          ],
          [
            14.43394216,
            -11.77984158,
            88.3955113,
            0.25957528,
            -4.86403779
          ],
          [
            -0.23859726,
            -0.11596942,
            0.25957528,
            0.11774483,
            -0.18880827
          ],
          [
            1.29838196,
            4.87486961,
            -4.86403779,
            -0.18880827,
            11.81396307
          ]
        ]
      },
      "roc": {
        "mu": [
          2.598413,
          11.651876,
          5.712662,
          -1.673175,
          6.60575,
          87.002092
        ],
        "cov": [
          [
            19.28376643,
            2.91642897,
            0.12505694,
            0.52714514,
            -0.28823491,
            1.4893174
          ],
          [
            2.91642897,
            19.99669323,
            -0.46564579,
            -0.33142581,
            -0.17515556,
            5.34033181
          ],
          [
            0.12505694,
            -0.46564579,
            0.11095009,
            0.04884254,
            -0.01457987,
            -0.18278319
          ],
          [
            0.52714514,
            -0.33142581,
            0.04884254,
            0.31304739,
            -0.00173899,
            -0.06002512
          ],
          [
            -0.28823491,
            -0.17515556,
            -0.01457987,
