{
  "teams": [
    "ARI",
    "ATH",
    "ATL",
    "BAL",
    "BOS",
    "CHC",
    "CIN",
    "CLE",
    "COL",
    "CWS",
    "DET",
    "HOU",
    "KCR",
    "LAA",
    "LAD",
    "MIA",
    "MIL",
    "MIN",
    "NYM",
    "NYY",
    "PHI",
    "PIT",
    "ROC",
    "SDP",
    "SEA",
    "SFG",
    "STL",
    "TBR",
    "TEX",
    "TOR",
    "WSH"
  ],
  "pitchTypes": [
    "CH",
    "CU",
    "EP",
    "FC",
    "FF",
    "FS",
    "SI",
    "SL",
    "ST",
    "SV"
  ],
  "generatedAt": "2026-04-07 12:51",
  "totalPitches": 45430,
  "totalPitchers": 419,
  "totalHitters": 401,
  "rocTeams": [
    "ROC"
  ],
  "leagueAverages": {
    "FF": {
      "velocity": 94.6,
      "spinRate": 2314.36,
      "indVertBrk": 16.22,
      "horzBrk": 3.45,
      "relPosZ": 5.66,
      "relPosX": -0.7,
      "extension": 6.5,
      "armAngle": 39.72,
      "vaa": -4.62,
      "haa": 0.5,
      "strikePct": 0.6555,
      "izPct": 0.5256,
      "swStrRate": 0.1078,
      "swStrPct": 0.2214,
      "cswPct": 0.2816,
      "izWhiffPct": 0.1739,
      "chasePct": 0.2778,
      "gbPct": 0.3104,
      "fpsPct": 0.6072,
      "breakTiltMinutes": 24,
      "breakTilt": "12:24",
      "xBA": 0.2489,
      "xSLG": 0.4522,
      "xwOBA": 0.357,
      "count": 386
    },
    "SI": {
      "velocity": 93.93,
      "spinRate": 2187.59,
      "indVertBrk": 7.51,
      "horzBrk": 5.61,
      "relPosZ": 5.53,
      "relPosX": -0.54,
      "extension": 6.41,
      "armAngle": 33.23,
      "vaa": -5.82,
      "haa": 0.03,
      "strikePct": 0.6549,
      "izPct": 0.5461,
      "swStrRate": 0.0639,
      "swStrPct": 0.1424,
      "cswPct": 0.2762,
      "izWhiffPct": 0.0966,
      "chasePct": 0.242,
      "gbPct": 0.5409,
      "fpsPct": 0.6028,
      "breakTiltMinutes": 72,
      "breakTilt": "1:12",
      "xBA": 0.2811,
      "xSLG": 0.4107,
      "xwOBA": 0.3557,
      "count": 309
    },
    "SL": {
      "velocity": 86.28,
      "spinRate": 2433.27,
      "indVertBrk": 0.98,
      "horzBrk": -1.47,
      "relPosZ": 5.78,
      "relPosX": -0.68,
      "extension": 6.36,
      "armAngle": 40.89,
      "vaa": -7.78,
      "haa": 1.13,
      "strikePct": 0.6278,
      "izPct": 0.4613,
      "swStrRate": 0.17,
      "swStrPct": 0.3545,
      "cswPct": 0.3255,
      "izWhiffPct": 0.2158,
      "chasePct": 0.3189,
      "gbPct": 0.4309,
      "fpsPct": 0.6163,
      "breakTiltMinutes": 617,
      "breakTilt": "10:17",
      "xBA": 0.2168,
      "xSLG": 0.3603,
      "xwOBA": 0.2831,
      "count": 259
    },
    "FS": {
      "velocity": 86.74,
      "spinRate": 1389.82,
      "indVertBrk": 2.51,
      "horzBrk": 8.93,
      "relPosZ": 5.71,
      "relPosX": -1.2,
      "extension": 6.58,
      "armAngle": 39.15,
      "vaa": -7.82,
      "haa": 0.36,
      "strikePct": 0.579,
      "izPct": 0.3657,
      "swStrRate": 0.1848,
      "swStrPct": 0.3681,
      "cswPct": 0.2546,
      "izWhiffPct": 0.2518,
      "chasePct": 0.3469,
      "gbPct": 0.5538,
      "fpsPct": 0.5692,
      "breakTiltMinutes": 136,
      "breakTilt": "2:16",
      "xBA": 0.1941,
      "xSLG": 0.2827,
      "xwOBA": 0.2357,
      "count": 84
    },
    "ST": {
      "velocity": 82.29,
      "spinRate": 2568.31,
      "indVertBrk": 1.23,
      "horzBrk": -4.54,
      "relPosZ": 5.43,
      "relPosX": -0.49,
      "extension": 6.33,
      "armAngle": 29.88,
      "vaa": -7.65,
      "haa": 1.19,
      "strikePct": 0.5903,
      "izPct": 0.439,
      "swStrRate": 0.1446,
      "swStrPct": 0.3248,
      "cswPct": 0.3014,
      "izWhiffPct": 0.2041,
      "chasePct": 0.277,
      "gbPct": 0.3259,
      "fpsPct": 0.5669,
      "breakTiltMinutes": 570,
      "breakTilt": "9:30",
      "xBA": 0.1835,
      "xSLG": 0.3042,
      "xwOBA": 0.2547,
      "count": 198
    },
    "SV": {
      "velocity": 82.04,
      "spinRate": 2578.12,
      "indVertBrk": -6.44,
      "horzBrk": -10.26,
      "relPosZ": 5.74,
      "relPosX": -1.57,
      "extension": 6.4,
      "armAngle": 36.66,
      "vaa": -8.93,
      "haa": 2.98,
      "strikePct": 0.6076,
      "izPct": 0.4364,
      "swStrRate": 0.1545,
      "swStrPct": 0.3548,
      "cswPct": 0.3242,
      "izWhiffPct": 0.1396,
      "chasePct": 0.3166,
      "gbPct": 0.4071,
      "fpsPct": 0.589,
      "breakTiltMinutes": 466,
      "breakTilt": "7:46",
      "xBA": 0.1966,
      "xSLG": 0.3182,
      "xwOBA": 0.249,
      "count": 28
    },
    "FC": {
      "velocity": 89.76,
      "spinRate": 2375.18,
      "indVertBrk": 8.58,
      "horzBrk": -0.97,
      "relPosZ": 5.68,
      "relPosX": -0.67,
      "extension": 6.39,
      "armAngle": 37.76,
      "vaa": -6.03,
      "haa": 1.03,
      "strikePct": 0.6494,
      "izPct": 0.5287,
      "swStrRate": 0.1144,
      "swStrPct": 0.2394,
      "cswPct": 0.2882,
      "izWhiffPct": 0.1668,
      "chasePct": 0.2492,
      "gbPct": 0.3671,
      "fpsPct": 0.6121,
      "breakTiltMinutes": 705,
      "breakTilt": "11:45",
      "xBA": 0.2587,
      "xSLG": 0.4482,
      "xwOBA": 0.3526,
      "count": 171
    },
    "CH": {
      "velocity": 86.01,
      "spinRate": 1744.53,
      "indVertBrk": 3.99,
      "horzBrk": 4.02,
      "relPosZ": 5.6,
      "relPosX": -0.4,
      "extension": 6.45,
      "armAngle": 36.45,
      "vaa": -7.5,
      "haa": 0.02,
      "strikePct": 0.5811,
      "izPct": 0.4019,
      "swStrRate": 0.1677,
      "swStrPct": 0.3478,
      "cswPct": 0.2634,
      "izWhiffPct": 0.2471,
      "chasePct": 0.3137,
      "gbPct": 0.5219,
      "fpsPct": 0.5487,
      "breakTiltMinutes": 103,
      "breakTilt": "1:43",
      "xBA": 0.2199,
      "xSLG": 0.3253,
      "xwOBA": 0.2667,
      "count": 251
    },
    "CU": {
      "velocity": 80.45,
      "spinRate": 2570.9,
      "indVertBrk": -11.79,
      "horzBrk": -4.47,
      "relPosZ": 5.94,
      "relPosX": -0.78,
      "extension": 6.38,
      "armAngle": 44.56,
      "vaa": -9.86,
      "haa": 1.4,
      "strikePct": 0.5709,
      "izPct": 0.4215,
      "swStrRate": 0.1267,
      "swStrPct": 0.315,
      "cswPct": 0.2973,
      "izWhiffPct": 0.1669,
      "chasePct": 0.2675,
      "gbPct": 0.4923,
      "fpsPct": 0.524,
      "breakTiltMinutes": 395,
      "breakTilt": "6:35",
      "xBA": 0.2165,
      "xSLG": 0.3637,
      "xwOBA": 0.2871,
      "count": 187
    }
  },
  "pitcherLeagueAverages": {
    "strikePct": 0.6279,
    "izPct": 0.4848,
    "swStrRate": 0.124,
    "swStrPct": 0.2666,
    "cswPct": 0.2875,
    "izWhiffPct": 0.1778,
    "chasePct": 0.2851,
    "gbPct": 0.4252,
    "kPct": 0.2347,
    "bbPct": 0.0969,
    "kbbPct": 0.1378,
    "babip": 0.286,
    "fpsPct": 0.5931,
    "twoStrikeWhiffPct": 0.2601,
    "relPosZ": 5.6531,
    "relPosX": -0.6519,
    "extension": 6.4313,
    "armAngle": 37.7003,
    "vaa": -6.4779,
    "haa": 0.6473,
    "avgEVAgainst": 89.0347,
    "maxEVAgainst": 108.1638,
    "hardHitPct": 0.4044,
    "barrelPctAgainst": 0.0872,
    "ldPct": 0.2241,
    "fbPct": 0.2693,
    "puPct": 0.0778,
    "hrFbPct": 0.1153,
    "wOBA": 0.3142,
    "xBA": 0.237,
    "xSLG": 0.3906,
    "xwOBA": 0.3176,
    "xwOBAcon": 0.37,
    "count": 419,
    "era": 4.07,
    "hr9": 1.01,
    "fip": 4.04,
    "xFIP": 4.06,
    "siera": 4.06
  },
  "hitterLeagueAverages": {
    "avg": 0.2342,
    "obp": 0.3151,
    "slg": 0.3796,
    "ops": 0.6948,
    "iso": 0.1454,
    "babip": 0.2868,
    "kPct": 0.2339,
    "bbPct": 0.0968,
    "wOBA": 0.3147,
    "xBA": 0.2373,
    "xSLG": 0.3923,
    "xwOBA": 0.3183,
    "xwOBAcon": 0.3694,
    "xwOBAsp": 0.3675,
    "avgEVAll": 89.0568,
    "medEV": 90.8018,
    "ev75": 104.121,
    "maxEV": 106.7655,
    "medLA": 14.0834,
    "hardHitPct": 0.405,
    "barrelPct": 0.0877,
    "laSweetSpotPct": 0.3429,
    "sacqPct": 0.2591,
    "gbPct": 0.4281,
    "ldPct": 0.2247,
    "fbPct": 0.2696,
    "puPct": 0.0777,
    "hrFbPct": 0.1197,
    "pullPct": 0.4496,
    "middlePct": 0.2814,
    "oppoPct": 0.2691,
    "airPullPct": 0.1884,
    "swingPct": 0.4658,
    "izSwingPct": 0.6525,
    "chasePct": 0.2888,
    "izSwChase": 0.3637,
    "contactPct": 0.7361,
    "izContactPct": 0.8249,
    "whiffPct": 0.2639,
    "batSpeed": 71.0317,
    "swingLength": 7.2907,
    "attackAngle": 9.9537,
    "attackDirection": -1.6077,
    "swingPathTilt": 32.1226,
    "twoStrikeWhiffPct": 0.264,
    "firstPitchSwingPct": 0.3035,
    "avgFbDist": 310.3161,
    "avgHrDist": 393.2664,
    "squaredUpPct": 0.6503,
    "sprintSpeed": 26.9865,
    "count": 401
  },
  "vaaRegressions": {
    "CH": {
      "slope": 1.080277,
      "intercept": -9.45938,
      "leagueAvgPlateZ": 1.815713
    },
    "CU": {
      "slope": 0.975294,
      "intercept": -11.632602,
      "leagueAvgPlateZ": 1.819849
    },
    "EP": {
      "slope": 0.974442,
      "intercept": -17.568024,
      "leagueAvgPlateZ": 2.888478
    },
    "FC": {
      "slope": 1.103927,
      "intercept": -8.816467,
      "leagueAvgPlateZ": 2.527718
    },
    "FF": {
      "slope": 1.063224,
      "intercept": -7.673914,
      "leagueAvgPlateZ": 2.876593
    },
    "FS": {
      "slope": 1.072506,
      "intercept": -9.634884,
      "leagueAvgPlateZ": 1.696439
    },
    "SI": {
      "slope": 1.091193,
      "intercept": -8.472088,
      "leagueAvgPlateZ": 2.433563
    },
    "SL": {
      "slope": 1.084474,
      "intercept": -9.88073,
      "leagueAvgPlateZ": 1.933618
    },
    "ST": {
      "slope": 1.123121,
      "intercept": -9.927399,
      "leagueAvgPlateZ": 2.025122
    },
    "SV": {
      "slope": 1.094597,
      "intercept": -10.960612,
      "leagueAvgPlateZ": 1.85097
    }
  },
  "haaRegressions": {
    "CH": {
      "slope": 0.760744,
      "intercept": 0.066617,
      "leagueAvgPlateX": -0.061391
    },
    "CU": {
      "slope": 1.277794,
      "intercept": 1.335844,
      "leagueAvgPlateX": 0.053286
    },
    "EP": {
      "slope": 1.061475,
      "intercept": 1.041761,
      "leagueAvgPlateX": 0.054457
    },
    "FC": {
      "slope": 1.685243,
      "intercept": 0.816605,
      "leagueAvgPlateX": 0.128505
    },
    "FF": {
      "slope": 1.040925,
      "intercept": 0.502713,
      "leagueAvgPlateX": -0.003153
    },
    "FS": {
      "slope": 0.865216,
      "intercept": 0.534223,
      "leagueAvgPlateX": -0.203208
    },
    "SI": {
      "slope": 0.815778,
      "intercept": 0.086488,
      "leagueAvgPlateX": -0.072906
    },
    "SL": {
      "slope": 1.820723,
      "intercept": 0.832413,
      "leagueAvgPlateX": 0.163202
    },
    "ST": {
      "slope": 2.367584,
      "intercept": 0.799491,
      "leagueAvgPlateX": 0.165192
    },
    "SV": {
      "slope": 1.635822,
      "intercept": 2.729214,
      "leagueAvgPlateX": 0.155939
    }
  },
  "sacqZones": [
    {
      "spray": "center",
      "laMin": null,
      "laMax": 0,
      "laBin": 0,
      "woba": 0.241,
      "xwobacon": 0.187,
      "quality": false,
      "count": 483
    },
    {
      "spray": "center",
      "laMin": 0,
      "laMax": 5,
      "laBin": 1,
      "woba": 0.46,
      "xwobacon": 0.4,
      "quality": false,
      "count": 133
    },
    {
      "spray": "center",
      "laMin": 5,
      "laMax": 10,
      "laBin": 2,
      "woba": 0.498,
      "xwobacon": 0.507,
      "quality": false,
      "count": 155
    },
    {
      "spray": "center",
      "laMin": 10,
      "laMax": 15,
      "laBin": 3,
      "woba": 0.714,
      "xwobacon": 0.732,
      "quality": true,
      "count": 152
    },
    {
      "spray": "center",
      "laMin": 15,
      "laMax": 20,
      "laBin": 4,
      "woba": 0.58,
      "xwobacon": 0.656,
      "quality": true,
      "count": 202
    },
    {
      "spray": "center",
      "laMin": 20,
      "laMax": 25,
      "laBin": 5,
      "woba": 0.453,
      "xwobacon": 0.67,
      "quality": false,
      "count": 173
    },
    {
      "spray": "center",
      "laMin": 25,
      "laMax": 30,
      "laBin": 6,
      "woba": 0.393,
      "xwobacon": 0.76,
      "quality": false,
      "count": 177
    },
    {
      "spray": "center",
      "laMin": 30,
      "laMax": 35,
      "laBin": 7,
      "woba": 0.336,
      "xwobacon": 0.613,
      "quality": false,
      "count": 157
    },
    {
      "spray": "center",
      "laMin": 35,
      "laMax": 40,
      "laBin": 8,
      "woba": 0.133,
      "xwobacon": 0.349,
      "quality": false,
      "count": 114
    },
    {
      "spray": "center",
      "laMin": 40,
      "laMax": 50,
      "laBin": 9,
      "woba": 0.066,
      "xwobacon": 0.097,
      "quality": false,
      "count": 172
    },
    {
      "spray": "center",
      "laMin": 50,
      "laMax": null,
      "laBin": 10,
      "woba": 0.014,
      "xwobacon": 0.018,
      "quality": false,
      "count": 159
    },
    {
      "spray": "oppo",
      "laMin": null,
      "laMax": 0,
      "laBin": 0,
      "woba": 0.294,
      "xwobacon": 0.175,
      "quality": false,
      "count": 324
    },
    {
      "spray": "oppo",
      "laMin": 0,
      "laMax": 5,
      "laBin": 1,
      "woba": 0.44,
      "xwobacon": 0.365,
      "quality": false,
      "count": 94
    },
    {
      "spray": "oppo",
      "laMin": 5,
      "laMax": 10,
      "laBin": 2,
      "woba": 0.608,
      "xwobacon": 0.473,
      "quality": true,
      "count": 109
    },
    {
      "spray": "oppo",
      "laMin": 10,
      "laMax": 15,
      "laBin": 3,
      "woba": 0.774,
      "xwobacon": 0.698,
      "quality": true,
      "count": 123
    },
    {
      "spray": "oppo",
      "laMin": 15,
      "laMax": 20,
      "laBin": 4,
      "woba": 0.624,
      "xwobacon": 0.631,
      "quality": true,
      "count": 109
    },
    {
      "spray": "oppo",
      "laMin": 20,
      "laMax": 25,
      "laBin": 5,
      "woba": 0.554,
      "xwobacon": 0.588,
      "quality": true,
      "count": 154
    },
    {
      "spray": "oppo",
      "laMin": 25,
      "laMax": 30,
      "laBin": 6,
      "woba": 0.471,
      "xwobacon": 0.538,
      "quality": false,
      "count": 140
    },
    {
      "spray": "oppo",
      "laMin": 30,
      "laMax": 35,
      "laBin": 7,
      "woba": 0.354,
      "xwobacon": 0.41,
      "quality": false,
      "count": 149
    },
    {
      "spray": "oppo",
      "laMin": 35,
      "laMax": 40,
      "laBin": 8,
      "woba": 0.165,
      "xwobacon": 0.164,
      "quality": false,
      "count": 121
    },
    {
      "spray": "oppo",
      "laMin": 40,
      "laMax": 50,
      "laBin": 9,
      "woba": 0.081,
      "xwobacon": 0.065,
      "quality": false,
      "count": 225
    },
    {
      "spray": "oppo",
      "laMin": 50,
      "laMax": null,
      "laBin": 10,
      "woba": 0.044,
      "xwobacon": 0.017,
      "quality": false,
      "count": 439
    },
    {
      "spray": "pull",
      "laMin": null,
      "laMax": 0,
      "laBin": 0,
      "woba": 0.148,
      "xwobacon": 0.156,
      "quality": false,
      "count": 1400
    },
    {
      "spray": "pull",
      "laMin": 0,
      "laMax": 5,
      "laBin": 1,
      "woba": 0.306,
      "xwobacon": 0.376,
      "quality": false,
      "count": 296
    },
    {
      "spray": "pull",
      "laMin": 5,
      "laMax": 10,
      "laBin": 2,
      "woba": 0.437,
      "xwobacon": 0.519,
      "quality": false,
      "count": 274
    },
    {
      "spray": "pull",
      "laMin": 10,
      "laMax": 15,
      "laBin": 3,
      "woba": 0.783,
      "xwobacon": 0.763,
      "quality": true,
      "count": 246
    },
    {
      "spray": "pull",
      "laMin": 15,
      "laMax": 20,
      "laBin": 4,
      "woba": 0.787,
      "xwobacon": 0.697,
      "quality": true,
      "count": 212
    },
    {
      "spray": "pull",
      "laMin": 20,
      "laMax": 25,
      "laBin": 5,
      "woba": 0.965,
      "xwobacon": 0.843,
      "quality": true,
      "count": 206
    },
    {
      "spray": "pull",
      "laMin": 25,
      "laMax": 30,
      "laBin": 6,
      "woba": 1.09,
      "xwobacon": 0.949,
      "quality": true,
      "count": 167
    },
    {
      "spray": "pull",
      "laMin": 30,
      "laMax": 35,
      "laBin": 7,
      "woba": 0.944,
      "xwobacon": 0.692,
      "quality": true,
      "count": 130
    },
    {
      "spray": "pull",
      "laMin": 35,
      "laMax": 40,
      "laBin": 8,
      "woba": 0.605,
      "xwobacon": 0.48,
      "quality": true,
      "count": 100
    },
    {
      "spray": "pull",
      "laMin": 40,
      "laMax": 50,
      "laBin": 9,
      "woba": 0.218,
      "xwobacon": 0.144,
      "quality": false,
      "count": 120
    },
    {
      "spray": "pull",
      "laMin": 50,
      "laMax": null,
      "laBin": 10,
      "woba": 0.024,
      "xwobacon": 0.019,
      "quality": false,
      "count": 151
    }
  ],
  "mvnModels": {
    "FC_L": {
      "mlb": {
        "mu": [
          8.196265,
          1.721446,
          38.27747,
          6.385783,
          88.805663
        ],
        "cov": [
          [
            7.88858676,
            -2.84833959,
            0.32402914,
            -0.01494098,
            1.2668728
          ],
          [
            -2.84833959,
            8.28361673,
            5.04320994,
            0.04435713,
            -0.68265476
          ],
          [
            0.32402914,
            5.04320994,
            90.41525776,
            -0.11004566,
            8.39837864
          ],
          [
            -0.01494098,
            0.04435713,
            -0.11004566,
            0.13974263,
            0.21569098
          ],
          [
            1.2668728,
            -0.68265476,
            8.39837864,
            0.21569098,
            5.79804992
          ]
        ]
      },
      "roc": {
        "mu": [
          8.25583,
          1.733632,
          5.73296,
          1.953184,
          6.37241,
          88.793498
        ],
        "cov": [
          [
            7.97831615,
            -2.92609976,
            -0.09083545,
            -0.00246639,
            -0.01704269,
            1.26386511
          ],
          [
            -2.92609976,
            8.49390688,
            0.25094075,
            0.09360436,
            0.02154174,
            -0.61797411
          ],
          [
            -0.09083545,
            0.25094075,
            0.13275621,
            -0.11879271,
            -0.0091159,
            0.33705294
          ],
          [
            -0.00246639,
            0.09360436,
            -0.11879271,
            0.53285674,
            0.08820971,
            -0.41861676
          ],
          [
            -0.01704269,
            0.02154174,
            -0.0091159,
            0.08820971,
            0.14411237,
            0.20547024
          ],
          [
            1.26386511,
            -0.61797411,
            0.33705294,
            -0.41861676,
            0.20547024,
            5.69358281
          ]
        ]
      }
    },
    "SV_R": {
      "mlb": {
        "mu": [
          -6.43871,
          -12.915726,
          35.23629,
          6.355383,
          82.055242
        ],
        "cov": [
          [
            8.51579146,
            0.7941173,
            -4.5658449,
            0.13512597,
            -0.18288759
          ],
          [
            0.7941173,
            13.84742897,
            6.25253144,
            -0.48206669,
            5.44636543
          ],
          [
            -4.5658449,
            6.25253144,
            71.57730661,
            0.58026082,
            7.91617302
          ],
          [
            0.13512597,
            -0.48206669,
            0.58026082,
            0.20446935,
            -0.08081918
          ],
          [
            -0.18288759,
            5.44636543,
            7.91617302,
            -0.08081918,
            15.50142701
          ]
        ]
      },
      "roc": {
        "mu": [
          -6.467687,
          -13.132143,
          5.728061,
          -1.948214,
          6.424558,
          82.021599
        ],
        "cov": [
          [
            8.35946517,
            0.69010343,
            -0.1623444,
            0.03974288,
            0.19570085,
            0.2544457
          ],
          [
            0.69010343,
            14.30647785,
            0.10141969,
            -0.51839395,
            -0.61856875,
            5.57810599
          ],
          [
            -0.1623444,
            0.10141969,
            0.09592911,
            0.01578183,
            0.01451038,
            0.04015609
          ],
          [
            0.03974288,
            -0.51839395,
            0.01578183,
            0.25511997,
            0.08075692,
            0.11858147
          ],
          [
            0.19570085,
            -0.61856875,
            0.01451038,
            0.08075692,
            0.24521531,
            -0.09765909
          ],
          [
            0.2544457,
            5.57810599,
            0.04015609,
            0.11858147,
            -0.09765909,
            15.6374373
          ]
        ]
      }
    },
    "SL_R": {
      "mlb": {
        "mu": [
          0.787593,
          -3.487717,
          40.757107,
          6.35293,
          86.807553
        ],
        "cov": [
          [
            14.58112172,
            1.58820297,
            -0.68961826,
            0.18841585,
            2.74728967
          ],
          [
            1.58820297,
            10.0599878,
            -3.06370883,
            -0.18687598,
            1.25872067
          ],
          [
            -0.68961826,
            -3.06370883,
            112.59167476,
            0.55663325,
            3.80446575
          ],
          [
            0.18841585,
            -0.18687598,
            0.55663325,
            0.20710395,
            0.06568507
          ],
          [
            2.74728967,
            1.25872067,
            3.80446575,
            0.06568507,
            6.21903384
          ]
        ]
      },
      "roc": {
        "mu": [
          0.946227,
          -3.470376,
          5.774253,
          -1.550623,
          6.356544,
          86.822657
        ],
        "cov": [
          [
            14.4425442,
            1.37681815,
            -0.08514368,
            0.01881733,
            0.19030653,
            2.75547062
          ],
          [
            1.37681815,
            10.04367922,
            -0.09202897,
            0.07595146,
            -0.17933881,
            1.07899695
          ],
          [
            -0.08514368,
            -0.09202897,
            0.14748344,
            0.09343805,
            -0.0227692,
            -0.03166206
          ],
          [
            0.01881733,
            0.07595146,
            0.09343805,
            0.42980317,
            -0.04481496,
            0.31712387
          ],
          [
            0.19030653,
            -0.17933881,
            -0.0227692,
            -0.04481496,
            0.21792734,
            0.08509102
          ],
          [
            2.75547062,
            1.07899695,
            -0.03166206,
            0.31712387,
            0.08509102,
            6.23836898
          ]
        ]
      }
    },
    "CH_R": {
      "mlb": {
        "mu": [
          3.711394,
          14.748298,
          35.381369,
          6.464393,
          87.012254
        ],
        "cov": [
          [
            24.59663716,
            2.82115918,
            30.12621236,
            -0.02162462,
            -1.51413608
          ],
          [
            2.82115918,
            13.37606789,
            -8.0785586,
            -0.10769467,
            0.28074129
          ],
          [
            30.12621236,
            -8.0785586,
            139.16030508,
            -0.15067655,
            -2.49047771
          ],
          [
            -0.02162462,
            -0.10769467,
            -0.15067655,
            0.13973876,
            -0.05085385
          ],
          [
            -1.51413608,
            0.28074129,
            -2.49047771,
            -0.05085385,
            10.27849495
          ]
        ]
      },
      "roc": {
        "mu": [
          3.795272,
          14.769971,
          5.571229,
          -1.686215,
          6.475357,
          86.827193
        ],
        "cov": [
          [
            25.58596264,
            2.59563098,
            1.12653843,
            0.44544126,
            0.00675854,
            -2.14266005
          ],
          [
            2.59563098,
            13.38508946,
            -0.14014638,
            -0.25037292,
            -0.07441018,
            0.24488403
          ],
          [
            1.12653843,
            -0.14014638,
            0.19606545,
            0.08916563,
            -0.02213062,
            -0.11932176
          ],
          [
            0.44544126,
            -0.25037292,
            0.08916563,
            0.41225784,
            -0.00662883,
            0.14338268
          ],
          [
            0.00675854,
            -0.07441018,
            -0.02213062,
            -0.00662883,
            0.13691979,
            -0.09724976
          ],
          [
            -2.14266005,
            0.24488403,
            -0.11932176,
            0.14338268,
            -0.09724976,
            10.93353298
          ]
        ]
      }
    },
    "FS_R": {
      "mlb": {
        "mu": [
          2.598123,
          11.652635,
          39.699061,
          6.605856,
          87.000505
        ],
        "cov": [
          [
            19.29758318,
            2.91884166,
            14.08735373,
            -0.28840085,
            1.48975528
          ],
          [
            2.91884166,
            20.01034168,
            -13.90456761,
            -0.17539297,
            5.34586211
          ],
          [
            14.08735373,
            -13.90456761,
            88.83909594,
            0.36101923,
            -5.99775964
          ],
          [
            -0.28840085,
            -0.17539297,
            0.36101923,
            0.12986865,
            -0.20501235
          ],
          [
            1.48975528,
            5.34586211,
            -5.99775964,
            -0.20501235,
            11.3263798
          ]
        ]
      },
      "roc": {
        "mu": [
          2.535065,
          11.773247,
          5.713487,
          -1.664578,
          6.61537,
          86.981818
        ],
        "cov": [
          [
            19.34195354,
            3.55700759,
            0.14382307,
            0.41182275,
            -0.34859583,
            1.87536181
          ],
          [
            3.55700759,
            21.495853,
            -0.52575006,
            -0.52681261,
            -0.18436826,
            5.78820722
          ],
          [
            0.14382307,
            -0.52575006,
            0.11403117,
            0.05759141,
            -0.01885168,
            -0.19619842
          ],
          [
            0.41182275,
            -0.52681261,
            0.05759141,
            0.32394531,
            -0.00175688,
            -0.21545821
          ],
          [
            -0.34859583,
            -0.18436826,
            -0.01885168,
            -0.00175688,
            0.13876107,
            -0.2543305
          ],
          [
            1.87536181,
            5.78820722,
            -0.19619842,
            -0.21545821,
            -0.2543305,
            11.82436056
          ]
        ]
      }
    },
    "SI_R": {
      "mlb": {
        "mu": [
          7.535335,
          15.637611,
          32.588496,
          6.43119,
          94.353687
        ],
        "cov": [
          [
            23.97917899,
            -0.75420386,
            54.17166265,
            0.32196256,
            3.87470951
          ],
          [
            -0.75420386,
            9.26739231,
            0.50254869,
            -0.14179821,
            1.81966424
          ],
          [
            54.17166265,
            0.50254869,
            228.46545666,
            0.62143309,
            16.58996024
          ],
          [
            0.32196256,
            -0.14179821,
            0.62143309,
            0.16551026,
            0.04123491
          ],
          [
            3.87470951,
            1.81966424,
            16.58996024,
            0.04123491,
            6.94432465
          ]
        ]
      },
      "roc": {
        "mu": [
          7.645029,
          15.57,
          5.504528,
          -1.680356,
          6.434536,
          94.351838
        ],
        "cov": [
          [
            24.20226683,
            -0.99322422,
            1.82444087,
            1.10293342,
            0.3355626,
            3.56425464
          ],
          [
            -0.99322422,
            9.23686148,
            0.09778416,
            -0.09005595,
            -0.12209064,
            1.71172954
          ],
          [
            1.82444087,
            0.09778416,
            0.33811443,
            0.15302827,
            -0.01222625,
            0.64322876
          ],
          [
            1.10293342,
            -0.09005595,
            0.15302827,
            0.41773437,
            0.01290163,
            0.20040151
          ],
          [
            0.3355626,
            -0.12209064,
            -0.01222625,
            0.01290163,
            0.16440982,
            0.04422624
          ],
          [
            3.56425464,
            1.71172954,
            0.64322876,
            0.20040151,
            0.04422624,
            6.71287049
          ]
        ]
      }
    },
    "CU_R": {
      "mlb": {
        "mu": [
          -11.759085,
          -8.725642,
          43.508688,
          6.420416,
          80.809715
        ],
        "cov": [
          [
            13.30846533,
            0.68054498,
            -12.13829487,
            0.01484093,
            2.68810232
          ],
          [
            0.68054498,
            20.81902909,
            21.15397521,
            0.06330459,
            7.58777727
          ],
          [
            -12.13829487,
            21.15397521,
            96.06270019,
            0.03375713,
            2.98808846
          ],
          [
            0.01484093,
            0.06330459,
            0.03375713,
            0.15831296,
            0.12290203
          ],
          [
            2.68810232,
            7.58777727,
            2.98808846,
            0.12290203,
            15.34313922
          ]
        ]
      },
      "roc": {
        "mu": [
          -11.82105,
          -8.758932,
          5.923741,
          -1.640026,
          6.416647,
          80.783986
        ],
        "cov": [
          [
            13.17268761,
            0.56415513,
            -0.38935231,
            -0.38977488,
            0.02403748,
            2.59917611
          ],
          [
            0.56415513,
            20.85462625,
            0.6137942,
            0.56843345,
            0.05027946,
            7.41327206
          ],
          [
            -0.38935231,
            0.6137942,
            0.16584694,
            0.08117301,
            -0.04074912,
            -0.11900596
          ],
          [
            -0.38977488,
            0.56843345,
            0.08117301,
            0.43753437,
            -0.01708699,
            0.01321406
          ],
          [
            0.02403748,
            0.05027946,
            -0.04074912,
            -0.01708699,
            0.15494607,
            0.09293163
          ],
          [
            2.59917611,
            7.41327206,
            -0.11900596,
            0.01321406,
            0.09293163,
            15.02206042
          ]
        ]
      }
    },
    "SI_L": {
      "mlb": {
        "mu": [
          7.339375,
          -15.740734,
          33.57295,
          6.369012,
          93.083824
        ],
        "cov": [
          [
            20.89353959,
            2.84534895,
            39.9814101,
            0.29700627,
            3.6050751
          ],
          [
            2.84534895,
            9.13266002,
            13.22854859,
            0.18747561,
            -0.40943527
          ],
          [
            39.9814101,
            13.22854859,
            185.69019723,
            -0.6863989,
            17.01564112
          ],
          [
            0.29700627,
            0.18747561,
            -0.6863989,
            0.31477872,
            -0.35146521
          ],
          [
            3.6050751,
            -0.40943527,
            17.01564112,
            -0.35146521,
            7.66820151
          ]
        ]
      },
      "roc": {
        "mu": [
          7.217818,
          -15.780933,
          5.571944,
          1.925454,
          6.361074,
          93.027852
        ],
        "cov": [
          [
            21.37227712,
            2.93770675,
            1.21441974,
            -1.51728714,
            0.29426657,
            3.94286045
          ],
          [
            2.93770675,
            8.97727893,
            0.41034817,
            -0.68381915,
            0.17506656,
            -0.38919851
          ],
          [
            1.21441974,
            0.41034817,
            0.29073204,
            -0.26672618,
            -0.02054049,
            0.72084712
          ],
          [
            -1.51728714,
            -0.68381915,
            -0.26672618,
            0.72783996,
            0.10503833,
            -0.9904281
          ],
          [
            0.29426657,
            0.17506656,
            -0.02054049,
            0.10503833,
            0.3064395,
            -0.32568799
          ],
          [
            3.94286045,
            -0.38919851,
            0.72084712,
            -0.9904281,
            -0.32568799,
            7.94445927
          ]
        ]
      }
    },
    "FS_L": {
      "mlb": {
        "mu": [
          2.320089,
          -10.142857,
          35.641518,
          6.302902,
          85.064732
        ],
        "cov": [
          [
            19.97874259,
            1.95068546,
            10.80575412,
            0.51650647,
            -1.6487502
          ],
          [
            1.95068546,
            20.64075593,
            19.13434337,
            0.57867201,
            -4.93228059
          ],
          [
            10.80575412,
            19.13434337,
            74.44737168,
            0.05906732,
            -6.58772201
          ],
          [
            0.51650647,
            0.57867201,
            0.05906732,
            0.22175343,
            0.04805796
          ],
          [
            -1.6487502,
            -4.93228059,
            -6.58772201,
            0.04805796,
            4.40668782
          ]
        ]
      },
      "roc": {
        "mu": [
          2.260435,
          -10.133478,
          5.598652,
          1.836174,
          6.30087,
          85.051304
        ],
        "cov": [
          [
            19.66109151,
            1.83936833,
            -0.0842195,
            -0.70844898,
            0.516397,
            -1.53826695
          ],
          [
            1.83936833,
            20.17987868,
            0.30107258,
            0.19847834,
            0.56524321,
            -4.8158295
          ],
          [
            -0.0842195,
            0.30107258,
            0.0670973,
            -0.05069601,
            0.01875227,
            -0.04697858
          ],
          [
            -0.70844898,
            0.19847834,
            -0.05069601,
            0.29868486,
            -0.07623596,
            -0.19585962
          ],
          [
            0.516397,
            0.56524321,
            0.01875227,
            -0.07623596,
            0.22558265,
            0.04556218
          ],
          [
            -1.53826695,
            -4.8158295,
            -0.04697858,
            -0.19585962,
            0.04556218,
            4.33028213
          ]
        ]
      }
    },
    "FC_R": {
      "mlb": {
        "mu": [
          8.693286,
          -1.909099,
          37.526634,
          6.388799,
          90.248896
        ],
        "cov": [
          [
            9.84432963,
            1.60601489,
            5.91530042,
            0.03597514,
            2.57621883
          ],
          [
            1.60601489,
            8.79685045,
            -10.29525026,
            -0.12956816,
            1.99768328
          ],
          [
            5.91530042,
            -10.29525026,
            121.45066016,
            -0.44474748,
            3.32500291
          ],
          [
            0.03597514,
            -0.12956816,
            -0.44474748,
            0.19349931,
            0.05373928
          ],
          [
            2.57621883,
            1.99768328,
            3.32500291,
            0.05373928,
            8.97340576
          ]
        ]
      },
      "roc": {
        "mu": [
          8.710859,
          -1.962345,
          5.666412,
          -1.640917,
          6.395533,
          90.125351
        ],
        "cov": [
          [
            9.76680067,
            1.43658392,
            0.19669284,
            0.47523177,
            0.0822121,
            2.42076137
          ],
          [
            1.43658392,
            8.80572734,
            -0.36506311,
            -0.26387336,
            -0.14430631,
            2.08006939
          ],
          [
            0.19669284,
            -0.36506311,
            0.18884978,
            0.10005165,
            -0.04137436,
            4.68e-05
          ],
          [
            0.47523177,
            -0.26387336,
            0.10005165,
            0.47344501,
            -0.05756895,
            0.22506786
          ],
          [
            0.0822121,
            -0.14430631,
            -0.04137436,
            -0.05756895,
            0.20305521,
            0.07877294
          ],
          [
            2.42076137,
            2.08006939,
            4.68e-05,
            0.22506786,
            0.07877294,
            8.93897706
          ]
        ]
      }
    },
    "FF_L": {
      "mlb": {
        "mu": [
          16.338043,
          -8.093879,
          41.002689,
          6.460535,
          93.386184
        ],
        "cov": [
          [
            8.01715028,
            3.78972986,
            21.23606649,
            0.03631069,
            0.39575894
          ],
          [
            3.78972986,
            15.83735308,
            25.60436408,
            0.3110262,
            -0.49471369
          ],
          [
            21.23606649,
            25.60436408,
            136.75887689,
            0.58846265,
            3.39988837
          ],
          [
            0.03631069,
            0.3110262,
            0.58846265,
            0.17585777,
            -0.11708388
          ],
          [
            0.39575894,
            -0.49471369,
            3.39988837,
            -0.11708388,
            5.64773182
          ]
        ]
      },
      "roc": {
        "mu": [
          16.312292,
          -8.14922,
          5.691009,
          1.760156,
          6.451907,
          93.401721
        ],
        "cov": [
          [
            8.17044075,
            4.06496351,
            0.50832954,
            -0.94204147,
            0.02557273,
            0.21789113
          ],
          [
            4.06496351,
            15.99771664,
            0.61078735,
            -1.05036305,
            0.28195291,
            -0.64896018
          ],
          [
            0.50832954,
            0.61078735,
            0.14843759,
            -0.14728471,
            -0.0150235,
            0.05389226
          ],
          [
            -0.94204147,
            -1.05036305,
            -0.14728471,
            0.52964254,
            0.00789567,
            -0.26486172
          ],
          [
            0.02557273,
            0.28195291,
            -0.0150235,
