{
  "teams": [
    "ARI",
    "ATH",
    "ATL",
    "BAL",
    "BOS",
    "CHC",
    "CIN",
    "CLE",
    "COL",
    "CWS",
    "DET",
    "HOU",
    "KCR",
    "LAA",
    "LAD",
    "MIA",
    "MIL",
    "MIN",
    "NYM",
    "NYY",
    "PHI",
    "PIT",
    "SDP",
    "SEA",
    "SFG",
    "STL",
    "TBR",
    "TEX",
    "TOR",
    "WSH"
  ],
  "pitchTypes": [
    "CH",
    "CU",
    "EP",
    "FC",
    "FF",
    "FS",
    "SI",
    "SL",
    "ST",
    "SV"
  ],
  "generatedAt": "2026-04-06 16:41",
  "totalPitches": 41644,
  "totalPitchers": 419,
  "totalHitters": 399,
  "leagueAverages": {
    "FF": {
      "velocity": 94.45,
      "spinRate": 2297.25,
      "indVertBrk": 15.67,
      "horzBrk": 3.42,
      "relPosZ": 5.65,
      "relPosX": -0.67,
      "extension": 6.44,
      "armAngle": 38.73,
      "effectiveVelo": 94.46,
      "vaa": -4.6,
      "haa": 0.47,
      "plateTime": 0.4,
      "izPct": 0.4951,
      "swStrPct": 0.2144,
      "cswPct": 0.26,
      "chasePct": 0.2789,
      "gbPct": 0.304,
      "count": 383
    },
    "SI": {
      "velocity": 93.91,
      "spinRate": 2207.5,
      "indVertBrk": 8.52,
      "horzBrk": 6.12,
      "relPosZ": 5.54,
      "relPosX": -0.62,
      "extension": 6.41,
      "armAngle": 34.25,
      "effectiveVelo": 93.88,
      "vaa": -5.75,
      "haa": 0.03,
      "plateTime": 0.4,
      "izPct": 0.5342,
      "swStrPct": 0.1417,
      "cswPct": 0.2684,
      "chasePct": 0.2514,
      "gbPct": 0.5147,
      "count": 307
    },
    "SL": {
      "velocity": 86.12,
      "spinRate": 2420.59,
      "indVertBrk": 1.11,
      "horzBrk": -1.58,
      "relPosZ": 5.75,
      "relPosX": -0.65,
      "extension": 6.4,
      "armAngle": 40.62,
      "effectiveVelo": 86.36,
      "vaa": -7.7,
      "haa": 1.11,
      "plateTime": 0.44,
      "izPct": 0.4656,
      "swStrPct": 0.3525,
      "cswPct": 0.3191,
      "chasePct": 0.3035,
      "gbPct": 0.4107,
      "count": 254
    },
    "FS": {
      "velocity": 86.9,
      "spinRate": 1344.37,
      "indVertBrk": 3.16,
      "horzBrk": 8.11,
      "relPosZ": 5.72,
      "relPosX": -1.05,
      "extension": 6.51,
      "armAngle": 39.12,
      "effectiveVelo": 87.12,
      "vaa": -7.62,
      "haa": 0.22,
      "plateTime": 0.43,
      "izPct": 0.3432,
      "swStrPct": 0.3641,
      "cswPct": 0.2258,
      "chasePct": 0.3047,
      "gbPct": 0.5271,
      "count": 81
    },
    "ST": {
      "velocity": 82.2,
      "spinRate": 2566.72,
      "indVertBrk": 1.35,
      "horzBrk": -5.7,
      "relPosZ": 5.47,
      "relPosX": -0.72,
      "extension": 6.32,
      "armAngle": 30.87,
      "effectiveVelo": 82.0,
      "vaa": -7.66,
      "haa": 1.62,
      "plateTime": 0.46,
      "izPct": 0.4244,
      "swStrPct": 0.3258,
      "cswPct": 0.2894,
      "chasePct": 0.2672,
      "gbPct": 0.3322,
      "count": 196
    },
    "SV": {
      "velocity": 81.63,
      "spinRate": 2570.43,
      "indVertBrk": -6.43,
      "horzBrk": -8.84,
      "relPosZ": 5.74,
      "relPosX": -1.41,
      "extension": 6.36,
      "armAngle": 37.2,
      "effectiveVelo": 81.53,
      "vaa": -8.98,
      "haa": 2.56,
      "plateTime": 0.46,
      "izPct": 0.4323,
      "swStrPct": 0.384,
      "cswPct": 0.3488,
      "chasePct": 0.3196,
      "gbPct": 0.4401,
      "count": 28
    },
    "FC": {
      "velocity": 89.51,
      "spinRate": 2372.27,
      "indVertBrk": 8.5,
      "horzBrk": -0.97,
      "relPosZ": 5.62,
      "relPosX": -0.7,
      "extension": 6.38,
      "armAngle": 36.99,
      "effectiveVelo": 89.81,
      "vaa": -6.01,
      "haa": 1.12,
      "plateTime": 0.42,
      "izPct": 0.5106,
      "swStrPct": 0.2294,
      "cswPct": 0.2778,
      "chasePct": 0.2502,
      "gbPct": 0.335,
      "count": 172
    },
    "CH": {
      "velocity": 86.42,
      "spinRate": 1731.36,
      "indVertBrk": 4.12,
      "horzBrk": 4.85,
      "relPosZ": 5.56,
      "relPosX": -0.47,
      "extension": 6.41,
      "armAngle": 35.53,
      "effectiveVelo": 86.42,
      "vaa": -7.42,
      "haa": 0.04,
      "plateTime": 0.44,
      "izPct": 0.3869,
      "swStrPct": 0.3182,
      "cswPct": 0.2382,
      "chasePct": 0.2778,
      "gbPct": 0.5025,
      "count": 250
    },
    "CU": {
      "velocity": 80.14,
      "spinRate": 2559.93,
      "indVertBrk": -11.43,
      "horzBrk": -3.92,
      "relPosZ": 5.97,
      "relPosX": -0.7,
      "extension": 6.33,
      "armAngle": 45.17,
      "effectiveVelo": 79.9,
      "vaa": -9.89,
      "haa": 1.18,
      "plateTime": 0.47,
      "izPct": 0.4015,
      "swStrPct": 0.2921,
      "cswPct": 0.2826,
      "chasePct": 0.2254,
      "gbPct": 0.4747,
      "count": 182
    },
    "EP": {
      "velocity": 46.73,
      "armAngle": 57.5,
      "effectiveVelo": 44.73,
      "vaa": -16.87,
      "haa": 1.27,
      "plateTime": 0.85,
      "izPct": 0.3597,
      "swStrPct": 0.0,
      "cswPct": 0.1269,
      "chasePct": 0.3071,
      "gbPct": 0.3192,
      "count": 4
    }
  },
  "pitcherLeagueAverages": {
    "izPct": 0.4824,
    "swStrPct": 0.2696,
    "cswPct": 0.2897,
    "chasePct": 0.2877,
    "gbPct": 0.4162,
    "kPct": 0.2377,
    "bbPct": 0.0971,
    "kbbPct": 0.1406,
    "count": 419
  },
  "hitterLeagueAverages": {
    "kPct": 0.2442,
    "bbPct": 0.0919,
    "swingPct": 0.4728,
    "izSwingPct": 0.6514,
    "chasePct": 0.3016,
    "izSwChase": 0.3498,
    "whiffPct": 0.2707,
    "medEV": 92.2821,
    "maxEV": 105.1792,
    "medLA": 14.322,
    "barrelPct": 0.0759,
    "xBA": 0.3206,
    "xSLG": 0.5228,
    "gbPct": 0.4214,
    "ldPct": 0.219,
    "fbPct": 0.2663,
    "puPct": 0.0823,
    "pullPct": 0.4655,
    "centPct": 0.2686,
    "oppoPct": 0.2659,
    "airPullPct": 0.1792,
    "count": 399
  },
  "mvnModels": {
    "FS": {
      "mlb": {
        "mu": [
          2.507266,
          9.374317,
          38.455683,
          6.581741,
          86.916547
        ],
        "cov": [
          [
            18.142172,
            4.228984,
            14.192547,
            -0.13345,
            1.210751
          ],
          [
            4.228984,
            70.742976,
            2.766305,
            0.566782,
            8.017675
          ],
          [
            14.192547,
            2.766305,
            90.513672,
            0.340269,
            -3.983715
          ],
          [
            -0.13345,
            0.566782,
            0.340269,
            0.138258,
            -0.097708
          ],
          [
            1.210751,
            8.017675,
            -3.983715,
            -0.097708,
            11.255378
          ]
        ],
        "n": 1390
      },
      "roc": {
        "mu": [
          2.586054,
          8.780863,
          5.699031,
          -1.202902,
          6.571951,
          86.728956
        ],
        "cov": [
          [
            19.353817,
            2.932167,
            0.089813,
            0.311175,
            -0.200971,
            1.129209
          ],
          [
            2.932167,
            73.660247,
            -0.115818,
            -9.048245,
            0.528403,
            9.131393
          ],
          [
            0.089813,
            -0.115818,
            0.106047,
            -0.00607,
            -0.00922,
            -0.136762
          ],
          [
            0.311175,
            -9.048245,
            -0.00607,
            1.750813,
            -0.115162,
            -0.918032
          ],
          [
            -0.200971,
            0.528403,
            -0.00922,
            -0.115162,
            0.14425,
            -0.096113
          ],
          [
            1.129209,
            9.131393,
            -0.136762,
            -0.918032,
            -0.096113,
            10.873948
          ]
        ],
        "n": 1599
      }
    },
    "ST": {
      "mlb": {
        "mu": [
          1.231254,
          -4.818036,
          29.800679,
          6.31563,
          82.480019
        ],
        "cov": [
          [
            18.643576,
            -7.882176,
            -14.089527,
            0.207414,
            -0.6497
          ],
          [
            -7.882176,
            183.603814,
            0.542085,
            -0.317343,
            -13.016168
          ],
          [
            -14.089527,
            0.542085,
            188.934321,
            0.38349,
            17.743038
          ],
          [
            0.207414,
            -0.317343,
            0.38349,
            0.230136,
            -0.01076
          ],
          [
            -0.6497,
            -13.016168,
            17.743038,
            -0.01076,
            10.932128
          ]
        ],
        "n": 3238
      },
      "roc": {
        "mu": [
          1.297323,
          -4.640618,
          5.429652,
          -0.515706,
          6.319961,
          82.417301
        ],
        "cov": [
          [
            18.640862,
            -8.299104,
            -0.611672,
            -1.735017,
            0.185368,
            -0.522352
          ],
          [
            -8.299104,
            185.969368,
            0.221704,
            28.254032,
            -0.384824,
            -13.696584
          ],
          [
            -0.611672,
            0.221704,
            0.302045,
            0.074717,
            -0.023359,
            0.511055
          ],
          [
            -1.735017,
            28.254032,
            0.074717,
            5.009438,
            -0.038808,
            -2.330234
          ],
          [
            0.185368,
            -0.384824,
            -0.023359,
            -0.038808,
            0.226013,
            -0.00647
          ],
          [
            -0.522352,
            -13.696584,
            0.511055,
            -2.330234,
            -0.00647,
            10.994437
          ]
        ],
        "n": 3624
      }
    },
    "SV": {
      "mlb": {
        "mu": [
          -6.42486,
          -10.376262,
          35.021682,
          6.345252,
          82.20486
        ],
        "cov": [
          [
            8.071871,
            1.280722,
            -4.484254,
            0.119505,
            0.09072
          ],
          [
            1.280722,
            74.749679,
            5.77175,
            -0.679514,
            6.258424
          ],
          [
            -4.484254,
            5.77175,
            72.218555,
            0.281455,
            7.999464
          ],
          [
            0.119505,
            -0.679514,
            0.281455,
            0.206589,
            -0.110571
          ],
          [
            0.09072,
            6.258424,
            7.999464,
            -0.110571,
            14.657542
          ]
        ],
        "n": 535
      },
      "roc": {
        "mu": [
          -6.416106,
          -9.912566,
          5.709381,
          -1.552602,
          6.34646,
          82.020177
        ],
        "cov": [
          [
            8.129545,
            1.772652,
            -0.121476,
            0.185878,
            0.115877,
            0.130006
          ],
          [
            1.772652,
            85.22259,
            0.387086,
            9.513999,
            -0.572952,
            4.619421
          ],
          [
            -0.121476,
            0.387086,
            0.089443,
            0.034356,
            -0.012248,
            0.225005
          ],
          [
            0.185878,
            9.513999,
            0.034356,
            1.621437,
            0.032227,
            0.319411
          ],
          [
            0.115877,
            -0.572952,
            -0.012248,
            0.032227,
            0.198637,
            -0.110388
          ],
          [
            0.130006,
            4.619421,
            0.225005,
            0.319411,
            -0.110388,
            14.645975
          ]
        ],
        "n": 565
      }
    },
    "CU": {
      "mlb": {
        "mu": [
          -11.733526,
          -4.449749,
          44.299652,
          6.39669,
          80.565701
        ],
        "cov": [
          [
            14.583682,
            -0.417132,
            -12.613961,
            0.138266,
            3.018243
          ],
          [
            -0.417132,
            70.283676,
            26.222483,
            -0.413876,
            -0.365741
          ],
          [
            -12.613961,
            26.222483,
            95.448883,
            0.175311,
            1.116936
          ],
          [
            0.138266,
            -0.413876,
            0.175311,
            0.173123,
            0.183973
          ],
          [
            3.018243,
            -0.365741,
            1.116936,
            0.183973,
            15.389519
          ]
        ],
        "n": 2589
      },
      "roc": {
        "mu": [
          -11.751768,
          -4.415534,
          5.94724,
          -0.776931,
          6.383977,
          80.453603
        ],
        "cov": [
          [
            14.608237,
            -1.19213,
            -0.408838,
            0.131823,
            0.09638,
            3.735193
          ],
          [
            -1.19213,
            70.713771,
            0.80143,
            10.624235,
            -0.457137,
            -1.138354
          ],
          [
            -0.408838,
            0.80143,
            0.148538,
            0.093993,
            -0.043849,
            -0.221694
          ],
          [
            0.131823,
            10.624235,
            0.093993,
            2.531115,
            -0.090697,
            -0.860208
          ],
          [
            0.09638,
            -0.457137,
            -0.043849,
            -0.090697,
            0.168868,
            0.177313
          ],
          [
            3.735193,
            -1.138354,
            -0.221694,
            -0.860208,
            0.177313,
            16.012756
          ]
        ],
        "n": 2942
      }
    },
    "FF": {
      "mlb": {
        "mu": [
          16.191923,
          3.535183,
          39.390893,
          6.512443,
          94.664501
        ],
        "cov": [
          [
            7.607442,
            -1.676801,
            18.81205,
            0.145141,
            0.320518
          ],
          [
            -1.676801,
            65.307026,
            -20.296678,
            0.084126,
            4.143106
          ],
          [
            18.81205,
            -20.296678,
            139.572414,
            0.552629,
            3.252556
          ],
          [
            0.145141,
            0.084126,
            0.552629,
            0.183089,
            0.028849
          ],
          [
            0.320518,
            4.143106,
            3.252556,
            0.028849,
            5.920875
          ]
        ],
        "n": 11068
      },
      "roc": {
        "mu": [
          16.20118,
          3.381177,
          5.656948,
          -0.681873,
          6.508165,
          94.601893
        ],
        "cov": [
          [
            7.639947,
            -1.589309,
            0.482489,
            0.320482,
            0.140305,
            0.403958
          ],
          [
            -1.589309,
            65.983462,
            -0.528776,
            -11.662019,
            0.093403,
            4.901284
          ],
          [
            0.482489,
            -0.528776,
            0.169391,
            0.086139,
            -0.013227,
            0.117252
          ],
          [
            0.320482,
            -11.662019,
            0.086139,
            2.763868,
            -0.042689,
            -1.115844
          ],
          [
            0.140305,
            0.093403,
            -0.013227,
            -0.042689,
            0.180694,
            0.029526
          ],
          [
            0.403958,
            4.901284,
            0.117252,
            -1.115844,
            0.029526,
            6.109467
          ]
        ],
        "n": 12628
      }
    },
    "SI": {
      "mlb": {
        "mu": [
          7.513863,
          5.615617,
          32.845548,
          6.416612,
          94.008662
        ],
        "cov": [
          [
            23.187916,
            1.780368,
            50.852153,
            0.344859,
            3.952634
          ],
          [
            1.780368,
            223.779634,
            -1.568414,
            0.333273,
            8.97599
          ],
          [
            50.852153,
            -1.568414,
            222.155675,
            0.200297,
            17.538428
          ],
          [
            0.344859,
            0.333273,
            0.200297,
            0.213763,
            -0.066876
          ],
          [
            3.952634,
            8.97599,
            17.538428,
            -0.066876,
            7.445094
          ]
        ],
        "n": 6211
      },
      "roc": {
        "mu": [
          7.481541,
          5.711643,
          5.518685,
          -0.55183,
          6.411723,
          93.957554
        ],
        "cov": [
          [
            23.015605,
            1.765395,
            1.634161,
            0.171387,
            0.317966,
            3.844786
          ],
          [
            1.765395,
            222.259445,
            -0.36238,
            -24.763278,
            0.392999,
            9.789662
          ],
          [
            1.634161,
            -0.36238,
            0.331448,
            0.090091,
            -0.017793,
            0.67117
          ],
          [
            0.171387,
            -24.763278,
            0.090091,
            3.329452,
            -0.006548,
            -1.14294
          ],
          [
            0.317966,
            0.392999,
            -0.017793,
            -0.006548,
            0.213102,
            -0.064362
          ],
          [
            3.844786,
            9.789662,
            0.67117,
            -1.14294,
            -0.064362,
            7.513707
          ]
        ],
        "n": 6983
      }
    },
    "FC": {
      "mlb": {
        "mu": [
          8.593706,
          -1.031136,
          37.687449,
          6.411579,
          89.968901
        ],
        "cov": [
          [
            9.603928,
            -0.211929,
            5.006154,
            0.003555,
            2.646108
          ],
          [
            -0.211929,
            10.933881,
            -6.313632,
            -0.084315,
            0.315097
          ],
          [
            5.006154,
            -6.313632,
            116.988907,
            -0.28713,
            5.065861
          ],
          [
            0.003555,
            -0.084315,
            -0.28713,
            0.185137,
            0.047604
          ],
          [
            2.646108,
            0.315097,
            5.065861,
            0.047604,
            8.973433
          ]
        ],
        "n": 2685
      },
      "roc": {
        "mu": [
          8.52651,
          -0.924158,
          5.678627,
          -0.683592,
          6.3885,
          89.818754
        ],
        "cov": [
          [
            9.413122,
            -0.015894,
            0.102078,
            0.006594,
            0.02768,
            2.457662
          ],
          [
            -0.015894,
            11.208217,
            -0.182047,
            2.428141,
            -0.082235,
            0.171086
          ],
          [
            0.102078,
            -0.182047,
            0.174177,
            0.082866,
            -0.036634,
            0.069929
          ],
          [
            0.006594,
            2.428141,
            0.082866,
            3.057555,
            -0.031333,
            -0.943399
          ],
          [
            0.02768,
            -0.082235,
            -0.036634,
            -0.031333,
            0.177142,
            0.095109
          ],
          [
            2.457662,
            0.171086,
            0.069929,
            -0.943399,
            0.095109,
            8.552379
          ]
        ],
        "n": 3146
      }
    },
    "CH": {
      "mlb": {
        "mu": [
          3.991477,
          3.859158,
          36.211885,
          6.448383,
          86.1563
        ],
        "cov": [
          [
            26.45638,
            -2.667158,
            31.867827,
            0.172692,
            -2.082319
          ],
          [
            -2.667158,
            209.851773,
            -23.486896,
            0.267006,
            14.185474
          ],
          [
            31.867827,
            -23.486896,
            128.005548,
            0.068195,
            -1.003997
          ],
          [
            0.172692,
            0.267006,
            0.068195,
            0.170868,
            -0.125974
          ],
          [
            -2.082319,
            14.185474,
            -1.003997,
            -0.125974,
            10.946062
          ]
        ],
        "n": 3778
      },
      "roc": {
        "mu": [
          3.920565,
          3.936443,
          5.592384,
          -0.387076,
          6.440899,
          86.120341
        ],
        "cov": [
          [
            26.214178,
            -1.282212,
            0.985411,
            0.260911,
            0.143479,
            -1.96809
          ],
          [
            -1.282212,
            209.276821,
            -0.710225,
            -24.13321,
            0.408043,
            15.649597
          ],
          [
            0.985411,
            -0.710225,
            0.17491,
            0.084683,
            -0.016068,
            -0.022374
          ],
          [
            0.260911,
            -24.13321,
            0.084683,
            3.388723,
            -0.037559,
            -2.142777
          ],
          [
            0.143479,
            0.408043,
            -0.016068,
            -0.037559,
            0.165862,
            -0.083511
          ],
          [
            -1.96809,
            15.649597,
            -0.022374,
            -2.142777,
            -0.083511,
            11.837404
          ]
        ],
        "n": 4459
      }
    },
    "SL": {
      "mlb": {
        "mu": [
          0.821879,
          -1.562251,
          40.768917,
          6.362226,
          86.280427
        ],
        "cov": [
          [
            15.290861,
            1.299809,
            0.305508,
            0.137275,
            2.229611
          ],
          [
            1.299809,
            20.549208,
            -1.270962,
            -0.130712,
            -2.650628
          ],
          [
            0.305508,
            -1.270962,
            109.428945,
            0.474974,
            3.716994
          ],
          [
            0.137275,
            -0.130712,
            0.474974,
            0.196252,
            0.009994
          ],
          [
            2.229611,
            -2.650628,
            3.716994,
            0.009994,
            7.344283
          ]
        ],
        "n": 4726
      },
      "roc": {
        "mu": [
          0.811715,
          -1.496452,
          5.776572,
          -0.682555,
          6.356159,
          86.252421
        ],
        "cov": [
          [
            15.374732,
            1.097007,
            -0.047906,
            0.288112,
            0.137484,
            2.178419
          ],
          [
            1.097007,
            21.686552,
            -0.102455,
            5.202514,
            -0.132701,
            -3.155338
          ],
          [
            -0.047906,
            -0.102455,
            0.156119,
            0.059476,
            -0.014267,
            0.02186
          ],
          [
            0.288112,
            5.202514,
            0.059476,
            2.707036,
            -0.040132,
            -1.235146
          ],
          [
            0.137484,
            -0.132701,
            -0.014267,
            -0.040132,
            0.197089,
            0.048273
          ],
          [
            2.178419,
            -3.155338,
            0.02186,
            -1.235146,
            0.048273,
            7.697564
          ]
        ],
        "n": 5412
      }
    }
  }
}