{
  "teams": [
    "ARI",
    "ATH",
    "ATL",
    "BAL",
    "BOS",
    "CHC",
    "CIN",
    "CLE",
    "COL",
    "CWS",
    "DET",
    "HOU",
    "KCR",
    "LAA",
    "LAD",
    "MIA",
    "MIL",
    "MIN",
    "NYM",
    "NYY",
    "PHI",
    "PIT",
    "ROC",
    "SDP",
    "SEA",
    "SFG",
    "STL",
    "TBR",
    "TEX",
    "TOR",
    "WSH"
  ],
  "pitchTypes": [
    "CH",
    "CU",
    "EP",
    "FC",
    "FF",
    "FS",
    "SI",
    "SL",
    "ST",
    "SV"
  ],
  "generatedAt": "2026-04-08 14:48",
  "totalPitches": 47592,
  "totalPitchers": 421,
  "totalHitters": 403,
  "rocTeams": [
    "ROC"
  ],
  "leagueAverages": {
    "FF": {
      "velocity": 94.6,
      "spinRate": 2312.75,
      "indVertBrk": 16.27,
      "horzBrk": 3.42,
      "relPosZ": 5.67,
      "relPosX": -0.7,
      "extension": 6.51,
      "armAngle": 39.75,
      "vaa": -4.62,
      "haa": 0.5,
      "strikePct": 0.6552,
      "izPct": 0.5255,
      "swStrRate": 0.1082,
      "swStrPct": 0.2229,
      "cswPct": 0.2828,
      "izWhiffPct": 0.1746,
      "chasePct": 0.2779,
      "gbPct": 0.3085,
      "fpsPct": 0.6077,
      "breakTiltMinutes": 24,
      "breakTilt": "12:24",
      "xBA": 0.2455,
      "xSLG": 0.4466,
      "xwOBA": 0.3566,
      "count": 387
    },
    "SI": {
      "velocity": 93.94,
      "spinRate": 2186.06,
      "indVertBrk": 7.58,
      "horzBrk": 5.62,
      "relPosZ": 5.54,
      "relPosX": -0.53,
      "extension": 6.42,
      "armAngle": 33.24,
      "vaa": -5.82,
      "haa": 0.02,
      "strikePct": 0.6568,
      "izPct": 0.5462,
      "swStrRate": 0.0649,
      "swStrPct": 0.1441,
      "cswPct": 0.2761,
      "izWhiffPct": 0.0992,
      "chasePct": 0.2432,
      "gbPct": 0.5379,
      "fpsPct": 0.605,
      "breakTiltMinutes": 72,
      "breakTilt": "1:12",
      "xBA": 0.2792,
      "xSLG": 0.4099,
      "xwOBA": 0.3548,
      "count": 310
    },
    "SL": {
      "velocity": 86.27,
      "spinRate": 2428.17,
      "indVertBrk": 0.98,
      "horzBrk": -1.42,
      "relPosZ": 5.79,
      "relPosX": -0.66,
      "extension": 6.36,
      "armAngle": 41.03,
      "vaa": -7.79,
      "haa": 1.1,
      "strikePct": 0.6264,
      "izPct": 0.4599,
      "swStrRate": 0.1695,
      "swStrPct": 0.3547,
      "cswPct": 0.3248,
      "izWhiffPct": 0.216,
      "chasePct": 0.3176,
      "gbPct": 0.431,
      "fpsPct": 0.6148,
      "breakTiltMinutes": 615,
      "breakTilt": "10:15",
      "xBA": 0.2151,
      "xSLG": 0.3575,
      "xwOBA": 0.2857,
      "count": 257
    },
    "FS": {
      "velocity": 86.65,
      "spinRate": 1397.06,
      "indVertBrk": 2.6,
      "horzBrk": 8.78,
      "relPosZ": 5.72,
      "relPosX": -1.2,
      "extension": 6.58,
      "armAngle": 39.5,
      "vaa": -7.83,
      "haa": 0.39,
      "strikePct": 0.5812,
      "izPct": 0.3674,
      "swStrRate": 0.1892,
      "swStrPct": 0.3792,
      "cswPct": 0.2605,
      "izWhiffPct": 0.2643,
      "chasePct": 0.3477,
      "gbPct": 0.5529,
      "fpsPct": 0.5647,
      "breakTiltMinutes": 135,
      "breakTilt": "2:15",
      "xBA": 0.1922,
      "xSLG": 0.2778,
      "xwOBA": 0.2324,
      "count": 84
    },
    "ST": {
      "velocity": 82.31,
      "spinRate": 2564.56,
      "indVertBrk": 1.2,
      "horzBrk": -4.49,
      "relPosZ": 5.44,
      "relPosX": -0.5,
      "extension": 6.33,
      "armAngle": 29.89,
      "vaa": -7.67,
      "haa": 1.19,
      "strikePct": 0.5902,
      "izPct": 0.4404,
      "swStrRate": 0.1444,
      "swStrPct": 0.3261,
      "cswPct": 0.3036,
      "izWhiffPct": 0.2067,
      "chasePct": 0.2744,
      "gbPct": 0.3257,
      "fpsPct": 0.5702,
      "breakTiltMinutes": 570,
      "breakTilt": "9:30",
      "xBA": 0.1778,
      "xSLG": 0.2944,
      "xwOBA": 0.2536,
      "count": 199
    },
    "SV": {
      "velocity": 82.14,
      "spinRate": 2564.86,
      "indVertBrk": -6.52,
      "horzBrk": -10.41,
      "relPosZ": 5.75,
      "relPosX": -1.59,
      "extension": 6.4,
      "armAngle": 36.76,
      "vaa": -8.94,
      "haa": 3.06,
      "strikePct": 0.6058,
      "izPct": 0.4292,
      "swStrRate": 0.1562,
      "swStrPct": 0.3579,
      "cswPct": 0.3212,
      "izWhiffPct": 0.1421,
      "chasePct": 0.3222,
      "gbPct": 0.4302,
      "fpsPct": 0.5808,
      "breakTiltMinutes": 467,
      "breakTilt": "7:47",
      "xBA": 0.1877,
      "xSLG": 0.3033,
      "xwOBA": 0.2547,
      "count": 28
    },
    "FC": {
      "velocity": 89.75,
      "spinRate": 2380.41,
      "indVertBrk": 8.61,
      "horzBrk": -1.0,
      "relPosZ": 5.68,
      "relPosX": -0.68,
      "extension": 6.39,
      "armAngle": 37.72,
      "vaa": -6.01,
      "haa": 1.05,
      "strikePct": 0.6482,
      "izPct": 0.5299,
      "swStrRate": 0.1136,
      "swStrPct": 0.2398,
      "cswPct": 0.2892,
      "izWhiffPct": 0.1689,
      "chasePct": 0.2471,
      "gbPct": 0.3756,
      "fpsPct": 0.6055,
      "breakTiltMinutes": 704,
      "breakTilt": "11:44",
      "xBA": 0.2548,
      "xSLG": 0.4345,
      "xwOBA": 0.351,
      "count": 175
    },
    "CH": {
      "velocity": 86.02,
      "spinRate": 1742.79,
      "indVertBrk": 3.94,
      "horzBrk": 3.98,
      "relPosZ": 5.61,
      "relPosX": -0.4,
      "extension": 6.45,
      "armAngle": 36.43,
      "vaa": -7.52,
      "haa": 0.03,
      "strikePct": 0.5809,
      "izPct": 0.4012,
      "swStrRate": 0.1661,
      "swStrPct": 0.3434,
      "cswPct": 0.2614,
      "izWhiffPct": 0.2459,
      "chasePct": 0.3159,
      "gbPct": 0.5235,
      "fpsPct": 0.5459,
      "breakTiltMinutes": 105,
      "breakTilt": "1:45",
      "xBA": 0.2175,
      "xSLG": 0.3198,
      "xwOBA": 0.2669,
      "count": 253
    },
    "CU": {
      "velocity": 80.49,
      "spinRate": 2562.07,
      "indVertBrk": -11.87,
      "horzBrk": -4.5,
      "relPosZ": 5.96,
      "relPosX": -0.8,
      "extension": 6.38,
      "armAngle": 44.62,
      "vaa": -9.88,
      "haa": 1.44,
      "strikePct": 0.5703,
      "izPct": 0.4217,
      "swStrRate": 0.1262,
      "swStrPct": 0.3152,
      "cswPct": 0.2972,
      "izWhiffPct": 0.1648,
      "chasePct": 0.2679,
      "gbPct": 0.4964,
      "fpsPct": 0.5235,
      "breakTiltMinutes": 395,
      "breakTilt": "6:35",
      "xBA": 0.2145,
      "xSLG": 0.3555,
      "xwOBA": 0.2882,
      "count": 187
    }
  },
  "pitcherLeagueAverages": {
    "strikePct": 0.6278,
    "izPct": 0.4848,
    "swStrRate": 0.124,
    "swStrPct": 0.2673,
    "cswPct": 0.2879,
    "izWhiffPct": 0.179,
    "chasePct": 0.2852,
    "gbPct": 0.4252,
    "kPct": 0.2358,
    "bbPct": 0.0971,
    "kbbPct": 0.1386,
    "babip": 0.2868,
    "fpsPct": 0.5923,
    "twoStrikeWhiffPct": 0.2616,
    "relPosZ": 5.6588,
    "relPosX": -0.6499,
    "extension": 6.4352,
    "armAngle": 37.7547,
    "vaa": -6.483,
    "haa": 0.6488,
    "avgEVAgainst": 89.0637,
    "maxEVAgainst": 108.2784,
    "hardHitPct": 0.4049,
    "barrelPctAgainst": 0.0871,
    "ldPct": 0.2257,
    "fbPct": 0.2696,
    "puPct": 0.0764,
    "hrFbPct": 0.1126,
    "wOBA": 0.3062,
    "xBA": 0.234,
    "xSLG": 0.3849,
    "xwOBA": 0.3174,
    "xwOBAcon": 0.3695,
    "count": 421,
    "era": 3.98,
    "hr9": 0.98,
    "fip": 3.9,
    "xFIP": 3.92,
    "siera": 3.98
  },
  "hitterLeagueAverages": {
    "wOBA": 0.3068,
    "xBA": 0.2346,
    "xSLG": 0.3868,
    "xwOBA": 0.3183,
    "xwOBAcon": 0.3698,
    "xwOBAsp": 0.3682,
    "avgEVAll": 89.0851,
    "ev50": 99.8537,
    "maxEV": 106.844,
    "medLA": 14.0116,
    "hardHitPct": 0.4055,
    "barrelPct": 0.0876,
    "laSweetSpotPct": 0.3456,
    "sacqPct": 0.282,
    "gbPct": 0.4276,
    "ldPct": 0.2262,
    "fbPct": 0.2699,
    "puPct": 0.0763,
    "hrFbPct": 0.1185,
    "pullPct": 0.4508,
    "middlePct": 0.282,
    "oppoPct": 0.2672,
    "airPullPct": 0.1889,
    "swingPct": 0.4652,
    "izSwingPct": 0.6515,
    "chasePct": 0.2887,
    "izSwChase": 0.3627,
    "contactPct": 0.7355,
    "izContactPct": 0.8237,
    "whiffPct": 0.2645,
    "batSpeed": 71.0162,
    "swingLength": 7.2909,
    "attackAngle": 9.9528,
    "attackDirection": -1.6224,
    "swingPathTilt": 32.1264,
    "twoStrikeWhiffPct": 0.2652,
    "firstPitchSwingPct": 0.3032,
    "avgFbDist": 309.7554,
    "avgHrDist": 393.1939,
    "squaredUpPct": 0.6514,
    "sprintSpeed": 26.7245,
    "runValue": -0.0108,
    "count": 403
  },
  "vaaRegressions": {
    "CH": {
      "slope": 1.083011,
      "intercept": -9.474837,
      "leagueAvgPlateZ": 1.809299
    },
    "CU": {
      "slope": 0.970667,
      "intercept": -11.643433,
      "leagueAvgPlateZ": 1.81997
    },
    "EP": {
      "slope": 0.974442,
      "intercept": -17.568024,
      "leagueAvgPlateZ": 2.888478
    },
    "FC": {
      "slope": 1.100773,
      "intercept": -8.808844,
      "leagueAvgPlateZ": 2.538707
    },
    "FF": {
      "slope": 1.06394,
      "intercept": -7.681352,
      "leagueAvgPlateZ": 2.874557
    },
    "FS": {
      "slope": 1.079716,
      "intercept": -9.660292,
      "leagueAvgPlateZ": 1.699128
    },
    "SI": {
      "slope": 1.092235,
      "intercept": -8.476848,
      "leagueAvgPlateZ": 2.435178
    },
    "SL": {
      "slope": 1.083322,
      "intercept": -9.888398,
      "leagueAvgPlateZ": 1.932222
    },
    "ST": {
      "slope": 1.121893,
      "intercept": -9.934329,
      "leagueAvgPlateZ": 2.020165
    },
    "SV": {
      "slope": 1.097053,
      "intercept": -10.975747,
      "leagueAvgPlateZ": 1.852204
    }
  },
  "haaRegressions": {
    "CH": {
      "slope": 0.762906,
      "intercept": 0.073996,
      "leagueAvgPlateX": -0.057269
    },
    "CU": {
      "slope": 1.273288,
      "intercept": 1.362424,
      "leagueAvgPlateX": 0.061672
    },
    "EP": {
      "slope": 1.061475,
      "intercept": 1.041761,
      "leagueAvgPlateX": 0.054457
    },
    "FC": {
      "slope": 1.706637,
      "intercept": 0.82186,
      "leagueAvgPlateX": 0.132746
    },
    "FF": {
      "slope": 1.03664,
      "intercept": 0.499886,
      "leagueAvgPlateX": -0.002867
    },
    "FS": {
      "slope": 0.870443,
      "intercept": 0.552271,
      "leagueAvgPlateX": -0.184383
    },
    "SI": {
      "slope": 0.814758,
      "intercept": 0.080211,
      "leagueAvgPlateX": -0.068203
    },
    "SL": {
      "slope": 1.830084,
      "intercept": 0.803008,
      "leagueAvgPlateX": 0.15976
    },
    "ST": {
      "slope": 2.374945,
      "intercept": 0.804639,
      "leagueAvgPlateX": 0.16176
    },
    "SV": {
      "slope": 1.642652,
      "intercept": 2.763888,
      "leagueAvgPlateX": 0.177518
    }
  },
  "sacqZones": [
    {
      "spray": "center",
      "laMin": null,
      "laMax": 0,
      "laBin": 0,
      "woba": 0.242,
      "xwobacon": 0.188,
      "quality": false,
      "count": 503
    },
    {
      "spray": "center",
      "laMin": 0,
      "laMax": 5,
      "laBin": 1,
      "woba": 0.46,
      "xwobacon": 0.4,
      "quality": false,
      "count": 136
    },
    {
      "spray": "center",
      "laMin": 5,
      "laMax": 10,
      "laBin": 2,
      "woba": 0.51,
      "xwobacon": 0.507,
      "quality": true,
      "count": 163
    },
    {
      "spray": "center",
      "laMin": 10,
      "laMax": 15,
      "laBin": 3,
      "woba": 0.716,
      "xwobacon": 0.728,
      "quality": true,
      "count": 163
    },
    {
      "spray": "center",
      "laMin": 15,
      "laMax": 20,
      "laBin": 4,
      "woba": 0.588,
      "xwobacon": 0.661,
      "quality": true,
      "count": 214
    },
    {
      "spray": "center",
      "laMin": 20,
      "laMax": 25,
      "laBin": 5,
      "woba": 0.45,
      "xwobacon": 0.671,
      "quality": false,
      "count": 176
    },
    {
      "spray": "center",
      "laMin": 25,
      "laMax": 30,
      "laBin": 6,
      "woba": 0.39,
      "xwobacon": 0.758,
      "quality": false,
      "count": 187
    },
    {
      "spray": "center",
      "laMin": 30,
      "laMax": 35,
      "laBin": 7,
      "woba": 0.325,
      "xwobacon": 0.595,
      "quality": false,
      "count": 169
    },
    {
      "spray": "center",
      "laMin": 35,
      "laMax": 40,
      "laBin": 8,
      "woba": 0.135,
      "xwobacon": 0.353,
      "quality": false,
      "count": 119
    },
    {
      "spray": "center",
      "laMin": 40,
      "laMax": 50,
      "laBin": 9,
      "woba": 0.068,
      "xwobacon": 0.095,
      "quality": false,
      "count": 178
    },
    {
      "spray": "center",
      "laMin": 50,
      "laMax": null,
      "laBin": 10,
      "woba": 0.013,
      "xwobacon": 0.019,
      "quality": false,
      "count": 165
    },
    {
      "spray": "oppo",
      "laMin": null,
      "laMax": 0,
      "laBin": 0,
      "woba": 0.292,
      "xwobacon": 0.174,
      "quality": false,
      "count": 334
    },
    {
      "spray": "oppo",
      "laMin": 0,
      "laMax": 5,
      "laBin": 1,
      "woba": 0.426,
      "xwobacon": 0.368,
      "quality": false,
      "count": 98
    },
    {
      "spray": "oppo",
      "laMin": 5,
      "laMax": 10,
      "laBin": 2,
      "woba": 0.611,
      "xwobacon": 0.474,
      "quality": true,
      "count": 110
    },
    {
      "spray": "oppo",
      "laMin": 10,
      "laMax": 15,
      "laBin": 3,
      "woba": 0.783,
      "xwobacon": 0.697,
      "quality": true,
      "count": 127
    },
    {
      "spray": "oppo",
      "laMin": 15,
      "laMax": 20,
      "laBin": 4,
      "woba": 0.621,
      "xwobacon": 0.632,
      "quality": true,
      "count": 117
    },
    {
      "spray": "oppo",
      "laMin": 20,
      "laMax": 25,
      "laBin": 5,
      "woba": 0.554,
      "xwobacon": 0.588,
      "quality": true,
      "count": 158
    },
    {
      "spray": "oppo",
      "laMin": 25,
      "laMax": 30,
      "laBin": 6,
      "woba": 0.455,
      "xwobacon": 0.532,
      "quality": false,
      "count": 149
    },
    {
      "spray": "oppo",
      "laMin": 30,
      "laMax": 35,
      "laBin": 7,
      "woba": 0.343,
      "xwobacon": 0.403,
      "quality": false,
      "count": 158
    },
    {
      "spray": "oppo",
      "laMin": 35,
      "laMax": 40,
      "laBin": 8,
      "woba": 0.16,
      "xwobacon": 0.16,
      "quality": false,
      "count": 127
    },
    {
      "spray": "oppo",
      "laMin": 40,
      "laMax": 50,
      "laBin": 9,
      "woba": 0.077,
      "xwobacon": 0.064,
      "quality": false,
      "count": 237
    },
    {
      "spray": "oppo",
      "laMin": 50,
      "laMax": null,
      "laBin": 10,
      "woba": 0.043,
      "xwobacon": 0.017,
      "quality": false,
      "count": 447
    },
    {
      "spray": "pull",
      "laMin": null,
      "laMax": 0,
      "laBin": 0,
      "woba": 0.149,
      "xwobacon": 0.156,
      "quality": false,
      "count": 1468
    },
    {
      "spray": "pull",
      "laMin": 0,
      "laMax": 5,
      "laBin": 1,
      "woba": 0.3,
      "xwobacon": 0.375,
      "quality": false,
      "count": 306
    },
    {
      "spray": "pull",
      "laMin": 5,
      "laMax": 10,
      "laBin": 2,
      "woba": 0.44,
      "xwobacon": 0.517,
      "quality": false,
      "count": 283
    },
    {
      "spray": "pull",
      "laMin": 10,
      "laMax": 15,
      "laBin": 3,
      "woba": 0.778,
      "xwobacon": 0.759,
      "quality": true,
      "count": 266
    },
    {
      "spray": "pull",
      "laMin": 15,
      "laMax": 20,
      "laBin": 4,
      "woba": 0.797,
      "xwobacon": 0.699,
      "quality": true,
      "count": 222
    },
    {
      "spray": "pull",
      "laMin": 20,
      "laMax": 25,
      "laBin": 5,
      "woba": 0.975,
      "xwobacon": 0.841,
      "quality": true,
      "count": 217
    },
    {
      "spray": "pull",
      "laMin": 25,
      "laMax": 30,
      "laBin": 6,
      "woba": 1.089,
      "xwobacon": 0.942,
      "quality": true,
      "count": 177
    },
    {
      "spray": "pull",
      "laMin": 30,
      "laMax": 35,
      "laBin": 7,
      "woba": 0.931,
      "xwobacon": 0.688,
      "quality": true,
      "count": 135
    },
    {
      "spray": "pull",
      "laMin": 35,
      "laMax": 40,
      "laBin": 8,
      "woba": 0.605,
      "xwobacon": 0.48,
      "quality": true,
      "count": 102
    },
    {
      "spray": "pull",
      "laMin": 40,
      "laMax": 50,
      "laBin": 9,
      "woba": 0.207,
      "xwobacon": 0.14,
      "quality": false,
      "count": 126
    },
    {
      "spray": "pull",
      "laMin": 50,
      "laMax": null,
      "laBin": 10,
      "woba": 0.023,
      "xwobacon": 0.019,
      "quality": false,
      "count": 156
    }
  ],
  "mvnModels": {
    "CH_L": {
      "mlb": {
        "mu": [
          4.28924,
          -14.290821,
          37.693982,
          6.40969,
          84.592158
        ],
        "cov": [
          [
            28.806606,
            1.481911,
            35.849151,
            0.407772,
            -1.88624
          ],
          [
            1.481911,
            9.976661,
            8.052841,
            0.132796,
            -2.199758
          ],
          [
            35.849151,
            8.052841,
            114.973984,
            0.285287,
            3.186084
          ],
          [
            0.407772,
            0.132796,
            0.285287,
            0.201336,
            -0.213012
          ],
          [
            -1.88624,
            -2.199758,
            3.186084,
            -0.213012,
            10.885565
          ]
        ],
        "n": 1645
      },
      "roc": {
        "mu": [
          4.402637,
          -14.386091,
          5.66349,
          1.81379,
          6.39698,
          84.674043
        ],
        "cov": [
          [
            28.411617,
            0.645137,
            0.90913,
            -1.363128,
            0.274974,
            -0.854106
          ],
          [
            0.645137,
            9.992714,
            0.040744,
            0.147564,
            0.133428,
            -2.13818
          ],
          [
            0.90913,
            0.040744,
            0.152273,
            -0.145681,
            -0.004449,
            0.211292
          ],
          [
            -1.363128,
            0.147564,
            -0.145681,
            0.598884,
            0.055135,
            -0.661544
          ],
          [
            0.274974,
            0.133428,
            -0.004449,
            0.055135,
            0.187559,
            -0.200949
          ],
          [
            -0.854106,
            -2.13818,
            0.211292,
            -0.661544,
            -0.200949,
            10.5699
          ]
        ],
        "n": 1934
      }
    },
    "CH_R": {
      "mlb": {
        "mu": [
          3.631607,
          14.764857,
          35.212964,
          6.467454,
          87.029929
        ],
        "cov": [
          [
            24.026378,
            3.210304,
            28.601101,
            -0.036053,
            -1.304451
          ],
          [
            3.210304,
            13.266053,
            -7.529337,
            -0.108405,
            0.203599
          ],
          [
            28.601101,
            -7.529337,
            136.402829,
            -0.17835,
            -2.133278
          ],
          [
            -0.036053,
            -0.108405,
            -0.17835,
            0.140395,
            -0.047902
          ],
          [
            -1.304451,
            0.203599,
            -2.133278,
            -0.047902,
            10.206056
          ]
        ],
        "n": 2800
      },
      "roc": {
        "mu": [
          3.729905,
          14.683314,
          5.581221,
          -1.695246,
          6.468577,
          86.813515
        ],
        "cov": [
          [
            24.712527,
            2.478904,
            1.049649,
            0.441528,
            -0.006789,
            -1.850416
          ],
          [
            2.478904,
            15.305713,
            -0.217262,
            -0.257074,
            -0.062897,
            0.554305
          ],
          [
            1.049649,
            -0.217262,
            0.192635,
            0.086628,
            -0.021097,
            -0.120866
          ],
          [
            0.441528,
            -0.257074,
            0.086628,
            0.403905,
            -0.005982,
            0.132841
          ],
          [
            -0.006789,
            -0.062897,
            -0.021097,
            -0.005982,
            0.135694,
            -0.087501
          ],
          [
            -1.850416,
            0.554305,
            -0.120866,
            0.132841,
            -0.087501,
            10.590194
          ]
        ],
        "n": 3374
      }
    },
    "CU_L": {
      "mlb": {
        "mu": [
          -11.694282,
          7.371919,
          47.0831,
          6.284828,
          79.460991
        ],
        "cov": [
          [
            18.179573,
            -7.222129,
            -12.534445,
            0.327474,
            6.745172
          ],
          [
            -7.222129,
            17.79477,
            -2.726989,
            -0.298628,
            -9.125715
          ],
          [
            -12.534445,
            -2.726989,
            73.70306,
            1.078858,
            -4.722149
          ],
          [
            0.327474,
            -0.298628,
            1.078858,
            0.184452,
            0.177
          ],
          [
            6.745172,
            -9.125715,
            -4.722149,
            0.177,
            16.533273
          ]
        ],
        "n": 787
      },
      "roc": {
        "mu": [
          -11.717647,
          7.699112,
          6.040289,
          1.570366,
          6.267447,
          79.532741
        ],
        "cov": [
          [
            17.662322,
            -6.884116,
            -0.468539,
            1.335989,
            0.335255,
            6.423801
          ],
          [
            -6.884116,
            19.301844,
            0.28476,
            -0.157006,
            -0.34318,
            -8.492271
          ],
          [
            -0.468539,
            0.28476,
            0.107674,
            -0.096676,
            -0.037743,
            -0.348415
          ],
          [
            1.335989,
            -0.157006,
            -0.096676,
            0.451559,
            0.021546,
            0.070699
          ],
          [
            0.335255,
            -0.34318,
            -0.037743,
            0.021546,
            0.17963,
            0.149554
          ],
          [
            6.423801,
            -8.492271,
            -0.348415,
            0.070699,
            0.149554,
            16.116182
          ]
        ],
        "n": 901
      }
    },
    "CU_R": {
      "mlb": {
        "mu": [
          -11.759085,
          -8.725642,
          43.508688,
          6.420416,
          80.809715
        ],
        "cov": [
          [
            13.308465,
            0.680545,
            -12.138295,
            0.014841,
            2.688102
          ],
          [
            0.680545,
            20.819029,
            21.153975,
            0.063305,
            7.587777
          ],
          [
            -12.138295,
            21.153975,
            96.0627,
            0.033757,
            2.988088
          ],
          [
            0.014841,
            0.063305,
            0.033757,
            0.158313,
            0.122902
          ],
          [
            2.688102,
            7.587777,
            2.988088,
            0.122902,
            15.343139
          ]
        ],
        "n": 2141
      },
      "roc": {
        "mu": [
          -11.908838,
          -8.720462,
          5.934188,
          -1.644295,
          6.412357,
          80.764291
        ],
        "cov": [
          [
            12.937078,
            0.429246,
            -0.402447,
            -0.427052,
            0.03748,
            2.409832
          ],
          [
            0.429246,
            20.746112,
            0.588868,
            0.544738,
            0.085108,
            7.316927
          ],
          [
            -0.402447,
            0.588868,
            0.16352,
            0.084299,
            -0.040402,
            -0.12781
          ],
          [
            -0.427052,
            0.544738,
            0.084299,
            0.44114,
            -0.024726,
            -0.03732
          ],
          [
            0.03748,
            0.085108,
            -0.040402,
            -0.024726,
            0.153124,
            0.135933
          ],
          [
            2.409832,
            7.316927,
            -0.12781,
            -0.03732,
            0.135933,
            14.788023
          ]
        ],
        "n": 2512
      }
    },
    "FC_L": {
      "mlb": {
        "mu": [
          8.189568,
          1.702878,
          38.195204,
          6.388753,
          88.798801
        ],
        "cov": [
          [
            7.912484,
            -2.821326,
            0.585832,
            -0.02432,
            1.304897
          ],
          [
            -2.821326,
            8.336991,
            5.317145,
            0.034639,
            -0.661605
          ],
          [
            0.585832,
            5.317145,
            91.867492,
            -0.175558,
            8.601315
          ],
          [
            -0.02432,
            0.034639,
            -0.175558,
            0.141483,
            0.206389
          ],
          [
            1.304897,
            -0.661605,
            8.601315,
            0.206389,
            5.821199
          ]
        ],
        "n": 834
      },
      "roc": {
        "mu": [
          8.318127,
          1.792951,
          5.740564,
          1.94429,
          6.389436,
          88.892145
        ],
        "cov": [
          [
            8.596969,
            -2.953804,
            -0.044388,
            -0.003274,
            -0.037788,
            1.566816
          ],
          [
            -2.953804,
            8.334567,
            0.244973,
            0.079653,
            0.024127,
            -0.58443
          ],
          [
            -0.044388,
            0.244973,
            0.127823,
            -0.110922,
            -0.008848,
            0.333464
          ],
          [
            -0.003274,
            0.079653,
            -0.110922,
            0.533594,
            0.088038,
            -0.337134
          ],
          [
            -0.037788,
            0.024127,
            -0.008848,
            0.088038,
            0.138985,
            0.2006
          ],
          [
            1.566816,
            -0.58443,
            0.333464,
            -0.337134,
            0.2006,
            5.637398
          ]
        ],
        "n": 993
      }
    },
    "FC_R": {
      "mlb": {
        "mu": [
          8.653435,
          -1.936805,
          37.555492,
          6.39316,
          90.225514
        ],
        "cov": [
          [
            9.795484,
            1.590391,
            5.833688,
            0.027108,
            2.616924
          ],
          [
            1.590391,
            8.755488,
            -10.211078,
            -0.133252,
            2.016614
          ],
          [
            5.833688,
            -10.211078,
            120.428171,
            -0.43303,
            3.255873
          ],
          [
            0.027108,
            -0.133252,
            -0.43303,
            0.193141,
            0.045076
          ],
          [
            2.616924,
            2.016614,
            3.255873,
            0.045076,
            8.947217
          ]
        ],
        "n": 2285
      },
      "roc": {
        "mu": [
          8.672718,
          -2.034808,
          5.652749,
          -1.673801,
          6.363889,
          89.905679
        ],
        "cov": [
          [
            9.965665,
            1.119548,
            0.213194,
            0.432058,
            0.084694,
            2.731643
          ],
          [
            1.119548,
            8.768418,
            -0.354774,
            -0.289217,
            -0.137566,
            1.892394
          ],
          [
            0.213194,
            -0.354774,
            0.179155,
            0.107615,
            -0.032297,
            0.04501
          ],
          [
            0.432058,
            -0.289217,
            0.107615,
            0.480596,
            -0.054007,
            0.226077
          ],
          [
            0.084694,
            -0.137566,
            -0.032297,
            -0.054007,
            0.206417,
            0.184247
          ],
          [
            2.731643,
            1.892394,
            0.04501,
            0.226077,
            0.184247,
            8.958096
          ]
        ],
        "n": 2870
      }
    },
    "FF_L": {
      "mlb": {
        "mu": [
          16.339227,
          -8.095308,
          41.003433,
          6.460541,
          93.386581
        ],
        "cov": [
          [
            8.014543,
            3.796731,
            21.239061,
            0.036297,
            0.39423
          ],
          [
            3.796731,
            15.834746,
            25.615413,
            0.311145,
            -0.492873
          ],
          [
            21.239061,
            25.615413,
            136.796079,
            0.588616,
            3.399829
          ],
          [
            0.036297,
            0.311145,
            0.588616,
            0.175908,
            -0.117126
          ],
          [
            0.39423,
            -0.492873,
            3.399829,
            -0.117126,
            5.648798
          ]
        ],
        "n": 3495
      },
      "roc": {
        "mu": [
          16.374175,
          -7.892157,
          5.717814,
          1.736593,
          6.461031,
          93.379077
        ],
        "cov": [
          [
            8.199519,
            3.6238,
            0.486139,
            -0.879666,
            0.058393,
            0.439189
          ],
          [
            3.6238,
            16.328042,
            0.65788,
            -1.006471,
            0.255676,
            -0.475143
          ],
          [
            0.486139,
            0.65788,
            0.152491,
            -0.152798,
            -0.012008,
            0.061525
          ],
          [
            -0.879666,
            -1.006471,
            -0.152798,
            0.521994,
            0.0064,
            -0.249516
          ],
          [
            0.058393,
            0.255676,
            -0.012008,
            0.0064,
            0.170582,
            -0.103456
          ],
          [
            0.439189,
            -0.475143,
            0.061525,
            -0.249516,
            -0.103456,
            5.511858
          ]
        ],
        "n": 4182
      }
    },
    "FF_R": {
      "mlb": {
        "mu": [
          16.151071,
          7.77931,
          39.048434,
          6.526406,
          95.064378
        ],
        "cov": [
          [
            7.493378,
            -2.827143,
            17.882636,
            0.184584,
            0.498884
          ],
          [
            -2.827143,
            15.36134,
            -26.604485,
            -0.282162,
            -0.447689
          ],
          [
            17.882636,
            -26.604485,
            137.502342,
            0.627432,
            4.303944
          ],
          [
            0.184584,
            -0.282162,
            0.627432,
            0.181674,
            0.054492
          ],
          [
            0.498884,
            -0.447689,
            4.303944,
            0.054492,
            5.508843
          ]
        ],
        "n": 9101
      },
      "roc": {
        "mu": [
          16.239424,
          7.852526,
          5.657603,
          -1.616635,
          6.506003,
          95.030925
        ],
        "cov": [
          [
            7.720913,
            -2.883167,
            0.484676,
            0.618154,
            0.184863,
            0.367907
          ],
          [
            -2.883167,
            16.312474,
            -0.72082,
            -0.848205,
            -0.303604,
            -0.478439
          ],
          [
            0.484676,
            -0.72082,
            0.183214,
            0.121337,
            -0.012356,
            0.149167
          ],
          [
            0.618154,
            -0.848205,
            0.121337,
            0.442162,
            -0.004476,
            0.162547
          ],
          [
            0.184863,
            -0.303604,
            -0.012356,
            -0.004476,
            0.180873,
            0.056054
          ],
          [
            0.367907,
            -0.478439,
            0.149167,
            0.162547,
            0.056054,
            5.524362
          ]
        ],
        "n": 11143
      }
    },
    "FS_L": {
      "mlb": {
        "mu": [
          2.320089,
          -10.142857,
          35.641518,
          6.302902,
          85.064732
        ],
        "cov": [
          [
            19.978743,
            1.950685,
            10.805754,
            0.516506,
            -1.64875
          ],
          [
            1.950685,
            20.640756,
            19.134343,
            0.578672,
            -4.932281
          ],
          [
            10.805754,
            19.134343,
            74.447372,
            0.059067,
            -6.587722
          ],
          [
            0.516506,
            0.578672,
            0.059067,
            0.221753,
            0.048058
          ],
          [
            -1.64875,
            -4.932281,
            -6.587722,
            0.048058,
            4.406688
          ]
        ],
        "n": 224
      },
      "roc": {
        "mu": [
          2.256175,
          -10.313944,
          5.614582,
          1.837849,
          6.34749,
          85.113147
        ],
        "cov": [
          [
            20.155032,
            2.717786,
            -0.059782,
            -0.654503,
            0.480482,
            -1.608342
          ],
          [
            2.717786,
            20.123845,
            0.269904,
            0.171546,
            0.430829,
            -4.763736
          ],
          [
            -0.059782,
            0.269904,
            0.065585,
            -0.045669,
            0.025181,
            -0.044852
          ],
          [
            -0.654503,
            0.171546,
            -0.045669,
            0.275354,
            -0.068881,
            -0.18688
          ],
          [
            0.480482,
            0.430829,
            0.025181,
            -0.068881,
            0.23188,
            0.077141
          ],
          [
            -1.608342,
            -4.763736,
            -0.044852,
            -0.18688,
            0.077141,
            4.218986
          ]
        ],
        "n": 251
      }
    },
    "FS_R": {
      "mlb": {
        "mu": [
          2.753198,
          11.598692,
          40.069985,
          6.600552,
          86.964462
        ],
        "cov": [
          [
            20.740353,
            2.581255,
            16.713743,
            -0.288348,
            1.052794
          ],
          [
            2.581255,
            20.002747,
            -13.74033,
            -0.186439,
            5.421452
          ],
          [
            16.713743,
            -13.74033,
            90.844124,
            0.398122,
            -6.568638
          ],
          [
            -0.288348,
            -0.186439,
            0.398122,
            0.130053,
            -0.207303
          ],
          [
            1.052794,
            5.421452,
            -6.568638,
            -0.207303,
            11.477914
          ]
        ],
        "n": 1376
      },
      "roc": {
        "mu": [
          2.745675,
          11.729758,
          5.745484,
          -1.663224,
          6.591799,
          86.836332
        ],
        "cov": [
          [
            19.867134,
            2.980775,
            0.203749,
            0.471627,
            -0.354996,
            1.700561
          ],
          [
            2.980775,
            21.384653,
            -0.471705,
            -0.449407,
            -0.186715,
            5.667101
          ],
          [
            0.203749,
            -0.471705,
            0.117222,
            0.067238,
            -0.030434,
            -0.207461
          ],
          [
            0.471627,
            -0.449407,
            0.067238,
            0.327975,
            -0.014133,
            -0.166599
          ],
          [
            -0.354996,
            -0.186715,
            -0.030434,
            -0.014133,
            0.14498,
            -0.25956
          ],
          [
            1.700561,
            5.667101,
            -0.207461,
            -0.166599,
            -0.25956,
            11.942003
          ]
        ],
        "n": 1734
      }
    },
    "SI_L": {
      "mlb": {
        "mu": [
          7.33827,
          -15.741033,
          33.581069,
          6.368614,
          93.083922
        ],
        "cov": [
          [
            20.886768,
            2.844788,
            39.943489,
            0.297843,
            3.603203
          ],
          [
            2.844788,
            9.128719,
            13.217202,
            0.187653,
            -0.409314
          ],
          [
            39.943489,
            13.217202,
            185.751612,
            -0.693225,
            17.009686
          ],
          [
            0.297843,
            0.187653,
            -0.693225,
            0.314986,
            -0.351392
          ],
          [
            3.603203,
            -0.409314,
            17.009686,
            -0.351392,
            7.664748
          ]
        ],
        "n": 2208
      },
      "roc": {
        "mu": [
          7.255149,
          -15.751847,
          5.584324,
          1.923325,
          6.36331,
          93.009434
        ],
        "cov": [
          [
            21.300634,
            2.876698,
            1.198584,
            -1.491168,
            0.311331,
            4.010616
          ],
          [
            2.876698,
            8.936898,
            0.417942,
            -0.676033,
            0.159453,
            -0.383994
          ],
          [
            1.198584,
            0.417942,
            0.285363,
            -0.260004,
            -0.021231,
            0.695909
          ],
          [
            -1.491168,
            -0.676033,
            -0.260004,
            0.709617,
            0.103403,
            -0.933491
          ],
          [
            0.311331,
            0.159453,
            -0.021231,
            0.103403,
            0.300332,
            -0.29427
          ],
          [
            4.010616,
            -0.383994,
            0.695909,
            -0.933491,
            -0.29427,
            7.814783
          ]
        ],
        "n": 2544
      }
    },
    "SI_R": {
      "mlb": {
        "mu": [
          7.535335,
          15.637611,
          32.588496,
          6.43119,
          94.353687
        ],
        "cov": [
          [
            23.979179,
            -0.754204,
            54.171663,
            0.321963,
            3.87471
          ],
          [
            -0.754204,
            9.267392,
            0.502549,
            -0.141798,
            1.819664
          ],
          [
            54.171663,
            0.502549,
            228.465457,
            0.621433,
            16.58996
          ],
          [
            0.321963,
            -0.141798,
            0.621433,
            0.16551,
            0.041235
          ],
          [
            3.87471,
            1.819664,
            16.58996,
