{
  "teams": [
    "ARI",
    "ATH",
    "ATL",
    "BAL",
    "BOS",
    "CHC",
    "CIN",
    "CLE",
    "COL",
    "CWS",
    "DET",
    "HOU",
    "KCR",
    "LAA",
    "LAD",
    "MIA",
    "MIL",
    "MIN",
    "NYM",
    "NYY",
    "PHI",
    "PIT",
    "ROC",
    "SDP",
    "SEA",
    "SFG",
    "STL",
    "TBR",
    "TEX",
    "TOR",
    "WSH"
  ],
  "pitchTypes": [
    "CH",
    "CU",
    "EP",
    "FC",
    "FF",
    "FS",
    "SI",
    "SL",
    "ST",
    "SV"
  ],
  "generatedAt": "2026-04-06 17:48",
  "totalPitches": 41644,
  "totalPitchers": 415,
  "totalHitters": 399,
  "rocTeams": [
    "ROC"
  ],
  "leagueAverages": {
    "FF": {
      "velocity": 94.6,
      "spinRate": 2315.9,
      "indVertBrk": 16.19,
      "horzBrk": 3.37,
      "relPosZ": 5.66,
      "relPosX": -0.68,
      "extension": 6.51,
      "armAngle": 39.56,
      "vaa": -4.61,
      "haa": 0.49,
      "strikePct": 0.6557,
      "izPct": 0.5238,
      "swStrRate": 0.1098,
      "swStrPct": 0.2244,
      "cswPct": 0.2812,
      "izWhiffPct": 0.1749,
      "chasePct": 0.2809,
      "gbPct": 0.3088,
      "fpsPct": 0.6079,
      "breakTiltMinutes": 24,
      "breakTilt": "12:24",
      "xBA": 0.2468,
      "xSLG": 0.4471,
      "xwOBA": 0.3538,
      "count": 383
    },
    "SI": {
      "velocity": 93.96,
      "spinRate": 2193.04,
      "indVertBrk": 7.48,
      "horzBrk": 5.69,
      "relPosZ": 5.52,
      "relPosX": -0.55,
      "extension": 6.41,
      "armAngle": 32.99,
      "vaa": -5.81,
      "haa": 0.04,
      "strikePct": 0.6581,
      "izPct": 0.548,
      "swStrRate": 0.0666,
      "swStrPct": 0.1479,
      "cswPct": 0.2816,
      "izWhiffPct": 0.1015,
      "chasePct": 0.2443,
      "gbPct": 0.5355,
      "fpsPct": 0.6081,
      "breakTiltMinutes": 72,
      "breakTilt": "1:12",
      "xBA": 0.2809,
      "xSLG": 0.4058,
      "xwOBA": 0.3536,
      "count": 307
    },
    "SL": {
      "velocity": 86.24,
      "spinRate": 2435.02,
      "indVertBrk": 0.8,
      "horzBrk": -1.5,
      "relPosZ": 5.78,
      "relPosX": -0.68,
      "extension": 6.35,
      "armAngle": 40.71,
      "vaa": -7.81,
      "haa": 1.13,
      "strikePct": 0.6297,
      "izPct": 0.4578,
      "swStrRate": 0.1748,
      "swStrPct": 0.365,
      "cswPct": 0.3306,
      "izWhiffPct": 0.2211,
      "chasePct": 0.3249,
      "gbPct": 0.4303,
      "fpsPct": 0.6237,
      "breakTiltMinutes": 613,
      "breakTilt": "10:13",
      "xBA": 0.211,
      "xSLG": 0.3483,
      "xwOBA": 0.2766,
      "count": 254
    },
    "FS": {
      "velocity": 86.75,
      "spinRate": 1394.16,
      "indVertBrk": 2.6,
      "horzBrk": 8.76,
      "relPosZ": 5.71,
      "relPosX": -1.19,
      "extension": 6.57,
      "armAngle": 39.1,
      "vaa": -7.79,
      "haa": 0.35,
      "strikePct": 0.583,
      "izPct": 0.3699,
      "swStrRate": 0.1927,
      "swStrPct": 0.3805,
      "cswPct": 0.2608,
      "izWhiffPct": 0.2652,
      "chasePct": 0.3474,
      "gbPct": 0.5569,
      "fpsPct": 0.5712,
      "breakTiltMinutes": 137,
      "breakTilt": "2:17",
      "xBA": 0.1976,
      "xSLG": 0.2893,
      "xwOBA": 0.2414,
      "count": 81
    },
    "ST": {
      "velocity": 82.42,
      "spinRate": 2572.0,
      "indVertBrk": 1.3,
      "horzBrk": -4.63,
      "relPosZ": 5.43,
      "relPosX": -0.52,
      "extension": 6.32,
      "armAngle": 29.87,
      "vaa": -7.65,
      "haa": 1.23,
      "strikePct": 0.5878,
      "izPct": 0.4361,
      "swStrRate": 0.1442,
      "swStrPct": 0.3227,
      "cswPct": 0.2999,
      "izWhiffPct": 0.2001,
      "chasePct": 0.2788,
      "gbPct": 0.3381,
      "fpsPct": 0.5611,
      "breakTiltMinutes": 569,
      "breakTilt": "9:29",
      "xBA": 0.1801,
      "xSLG": 0.2979,
      "xwOBA": 0.2491,
      "count": 196
    },
    "SV": {
      "velocity": 82.02,
      "spinRate": 2595.95,
      "indVertBrk": -6.42,
      "horzBrk": -9.91,
      "relPosZ": 5.71,
      "relPosX": -1.55,
      "extension": 6.35,
      "armAngle": 35.44,
      "vaa": -8.91,
      "haa": 2.93,
      "strikePct": 0.5989,
      "izPct": 0.4258,
      "swStrRate": 0.1555,
      "swStrPct": 0.3652,
      "cswPct": 0.3233,
      "izWhiffPct": 0.1214,
      "chasePct": 0.3199,
      "gbPct": 0.4014,
      "fpsPct": 0.5898,
      "breakTiltMinutes": 467,
      "breakTilt": "7:47",
      "xBA": 0.1974,
      "xSLG": 0.3092,
      "xwOBA": 0.2503,
      "count": 28
    },
    "FC": {
      "velocity": 89.82,
      "spinRate": 2382.19,
      "indVertBrk": 8.52,
      "horzBrk": -0.92,
      "relPosZ": 5.68,
      "relPosX": -0.68,
      "extension": 6.39,
      "armAngle": 37.93,
      "vaa": -6.03,
      "haa": 1.05,
      "strikePct": 0.6484,
      "izPct": 0.5268,
      "swStrRate": 0.1162,
      "swStrPct": 0.2424,
      "cswPct": 0.2882,
      "izWhiffPct": 0.1688,
      "chasePct": 0.2536,
      "gbPct": 0.3653,
      "fpsPct": 0.6047,
      "breakTiltMinutes": 706,
      "breakTilt": "11:46",
      "xBA": 0.2601,
      "xSLG": 0.4457,
      "xwOBA": 0.3531,
      "count": 172
    },
    "CH": {
      "velocity": 86.12,
      "spinRate": 1746.24,
      "indVertBrk": 3.93,
      "horzBrk": 3.89,
      "relPosZ": 5.59,
      "relPosX": -0.39,
      "extension": 6.44,
      "armAngle": 36.29,
      "vaa": -7.49,
      "haa": 0.03,
      "strikePct": 0.5825,
      "izPct": 0.4032,
      "swStrRate": 0.1665,
      "swStrPct": 0.3436,
      "cswPct": 0.2608,
      "izWhiffPct": 0.2459,
      "chasePct": 0.3129,
      "gbPct": 0.5269,
      "fpsPct": 0.5479,
      "breakTiltMinutes": 102,
      "breakTilt": "1:42",
      "xBA": 0.2182,
      "xSLG": 0.3207,
      "xwOBA": 0.2647,
      "count": 250
    },
    "CU": {
      "velocity": 80.47,
      "spinRate": 2570.27,
      "indVertBrk": -11.75,
      "horzBrk": -4.35,
      "relPosZ": 5.95,
      "relPosX": -0.76,
      "extension": 6.38,
      "armAngle": 44.47,
      "vaa": -9.85,
      "haa": 1.38,
      "strikePct": 0.5726,
      "izPct": 0.4193,
      "swStrRate": 0.1287,
      "swStrPct": 0.3134,
      "cswPct": 0.2979,
      "izWhiffPct": 0.1673,
      "chasePct": 0.2713,
      "gbPct": 0.4909,
      "fpsPct": 0.5252,
      "breakTiltMinutes": 394,
      "breakTilt": "6:34",
      "xBA": 0.2148,
      "xSLG": 0.3531,
      "xwOBA": 0.2819,
      "count": 182
    }
  },
  "pitcherLeagueAverages": {
    "strikePct": 0.6288,
    "izPct": 0.4841,
    "swStrRate": 0.1258,
    "swStrPct": 0.2696,
    "cswPct": 0.2887,
    "izWhiffPct": 0.1793,
    "chasePct": 0.2877,
    "gbPct": 0.4253,
    "kPct": 0.2384,
    "bbPct": 0.0966,
    "kbbPct": 0.1418,
    "babip": 0.2865,
    "fpsPct": 0.5936,
    "twoStrikeWhiffPct": 0.2627,
    "relPosZ": 5.6501,
    "relPosX": -0.6488,
    "extension": 6.4316,
    "armAngle": 37.549,
    "vaa": -6.4697,
    "haa": 0.6462,
    "avgEVAgainst": 88.9495,
    "maxEVAgainst": 107.8283,
    "hardHitPct": 0.4014,
    "barrelPctAgainst": 0.0844,
    "ldPct": 0.2268,
    "fbPct": 0.2668,
    "puPct": 0.0779,
    "hrFbPct": 0.1138,
    "wOBA": 0.3129,
    "xBA": 0.2352,
    "xSLG": 0.3846,
    "xwOBA": 0.315,
    "xwOBAcon": 0.3676,
    "count": 415,
    "era": 4.04,
    "hr9": 1.0,
    "fip": 4.0,
    "xFIP": 4.03,
    "siera": 4.03
  },
  "hitterLeagueAverages": {
    "avg": 0.2332,
    "obp": 0.3141,
    "slg": 0.3769,
    "ops": 0.691,
    "iso": 0.1437,
    "babip": 0.2875,
    "kPct": 0.2378,
    "bbPct": 0.0964,
    "wOBA": 0.3137,
    "xBA": 0.2359,
    "xSLG": 0.3868,
    "xwOBA": 0.3157,
    "xwOBAcon": 0.3678,
    "xwOBAsp": 0.3673,
    "avgEVAll": 88.972,
    "medEV": 90.7719,
    "ev75": 104.0812,
    "maxEV": 106.5225,
    "medLA": 13.9704,
    "hardHitPct": 0.4019,
    "barrelPct": 0.085,
    "laSweetSpotPct": 0.3435,
    "sacqPct": 0.2586,
    "gbPct": 0.4276,
    "ldPct": 0.2273,
    "fbPct": 0.2674,
    "puPct": 0.0777,
    "hrFbPct": 0.1204,
    "pullPct": 0.4514,
    "middlePct": 0.2821,
    "oppoPct": 0.2666,
    "airPullPct": 0.189,
    "swingPct": 0.4673,
    "izSwingPct": 0.6533,
    "chasePct": 0.2916,
    "izSwChase": 0.3618,
    "contactPct": 0.7331,
    "izContactPct": 0.8235,
    "whiffPct": 0.2669,
    "batSpeed": 71.0498,
    "swingLength": 7.2948,
    "attackAngle": 9.969,
    "attackDirection": -1.6073,
    "swingPathTilt": 32.1481,
    "twoStrikeWhiffPct": 0.2676,
    "firstPitchSwingPct": 0.3045,
    "avgFbDist": 309.7894,
    "avgHrDist": 393.6351,
    "squaredUpPct": 0.6484,
    "sprintSpeed": 26.933,
    "count": 399
  },
  "vaaRegressions": {
    "CH": {
      "slope": 1.085623,
      "intercept": -9.454846,
      "leagueAvgPlateZ": 1.811578
    },
    "CU": {
      "slope": 0.972529,
      "intercept": -11.618991,
      "leagueAvgPlateZ": 1.822596
    },
    "EP": {
      "slope": 0.656059,
      "intercept": -18.066152,
      "leagueAvgPlateZ": 2.801905
    },
    "FC": {
      "slope": 1.109328,
      "intercept": -8.824772,
      "leagueAvgPlateZ": 2.516937
    },
    "FF": {
      "slope": 1.062602,
      "intercept": -7.670124,
      "leagueAvgPlateZ": 2.882055
    },
    "FS": {
      "slope": 1.065604,
      "intercept": -9.611643,
      "leagueAvgPlateZ": 1.709423
    },
    "SI": {
      "slope": 1.090936,
      "intercept": -8.464085,
      "leagueAvgPlateZ": 2.435213
    },
    "SL": {
      "slope": 1.073938,
      "intercept": -9.878152,
      "leagueAvgPlateZ": 1.922118
    },
    "ST": {
      "slope": 1.127512,
      "intercept": -9.916854,
      "leagueAvgPlateZ": 2.014007
    },
    "SV": {
      "slope": 1.085293,
      "intercept": -10.905843,
      "leagueAvgPlateZ": 1.836678
    }
  },
  "haaRegressions": {
    "CH": {
      "slope": 0.757391,
      "intercept": 0.069419,
      "leagueAvgPlateX": -0.051178
    },
    "CU": {
      "slope": 1.264436,
      "intercept": 1.304327,
      "leagueAvgPlateX": 0.056949
    },
    "EP": {
      "slope": 1.176195,
      "intercept": 1.168818,
      "leagueAvgPlateX": -0.089683
    },
    "FC": {
      "slope": 1.700345,
      "intercept": 0.817327,
      "leagueAvgPlateX": 0.138299
    },
    "FF": {
      "slope": 1.032548,
      "intercept": 0.490216,
      "leagueAvgPlateX": -0.002226
    },
    "FS": {
      "slope": 0.855303,
      "intercept": 0.53512,
      "leagueAvgPlateX": -0.21372
    },
    "SI": {
      "slope": 0.821429,
      "intercept": 0.098124,
      "leagueAvgPlateX": -0.069293
    },
    "SL": {
      "slope": 1.803913,
      "intercept": 0.838338,
      "leagueAvgPlateX": 0.16267
    },
    "ST": {
      "slope": 2.386143,
      "intercept": 0.836382,
      "leagueAvgPlateX": 0.163202
    },
    "SV": {
      "slope": 1.656319,
      "intercept": 2.674293,
      "leagueAvgPlateX": 0.155919
    }
  },
  "sacqZones": [
    {
      "spray": "center",
      "laMin": null,
      "laMax": 0,
      "laBin": 0,
      "woba": 0.234,
      "xwobacon": 0.187,
      "quality": false,
      "count": 443
    },
    {
      "spray": "center",
      "laMin": 0,
      "laMax": 5,
      "laBin": 1,
      "woba": 0.457,
      "xwobacon": 0.407,
      "quality": false,
      "count": 120
    },
    {
      "spray": "center",
      "laMin": 5,
      "laMax": 10,
      "laBin": 2,
      "woba": 0.496,
      "xwobacon": 0.508,
      "quality": false,
      "count": 141
    },
    {
      "spray": "center",
      "laMin": 10,
      "laMax": 15,
      "laBin": 3,
      "woba": 0.711,
      "xwobacon": 0.735,
      "quality": true,
      "count": 145
    },
    {
      "spray": "center",
      "laMin": 15,
      "laMax": 20,
      "laBin": 4,
      "woba": 0.582,
      "xwobacon": 0.658,
      "quality": true,
      "count": 180
    },
    {
      "spray": "center",
      "laMin": 20,
      "laMax": 25,
      "laBin": 5,
      "woba": 0.488,
      "xwobacon": 0.671,
      "quality": false,
      "count": 154
    },
    {
      "spray": "center",
      "laMin": 25,
      "laMax": 30,
      "laBin": 6,
      "woba": 0.37,
      "xwobacon": 0.731,
      "quality": false,
      "count": 163
    },
    {
      "spray": "center",
      "laMin": 30,
      "laMax": 35,
      "laBin": 7,
      "woba": 0.357,
      "xwobacon": 0.63,
      "quality": false,
      "count": 139
    },
    {
      "spray": "center",
      "laMin": 35,
      "laMax": 40,
      "laBin": 8,
      "woba": 0.149,
      "xwobacon": 0.34,
      "quality": false,
      "count": 102
    },
    {
      "spray": "center",
      "laMin": 40,
      "laMax": 50,
      "laBin": 9,
      "woba": 0.059,
      "xwobacon": 0.101,
      "quality": false,
      "count": 161
    },
    {
      "spray": "center",
      "laMin": 50,
      "laMax": null,
      "laBin": 10,
      "woba": 0.015,
      "xwobacon": 0.019,
      "quality": false,
      "count": 146
    },
    {
      "spray": "oppo",
      "laMin": null,
      "laMax": 0,
      "laBin": 0,
      "woba": 0.296,
      "xwobacon": 0.174,
      "quality": false,
      "count": 284
    },
    {
      "spray": "oppo",
      "laMin": 0,
      "laMax": 5,
      "laBin": 1,
      "woba": 0.471,
      "xwobacon": 0.365,
      "quality": false,
      "count": 84
    },
    {
      "spray": "oppo",
      "laMin": 5,
      "laMax": 10,
      "laBin": 2,
      "woba": 0.615,
      "xwobacon": 0.471,
      "quality": true,
      "count": 97
    },
    {
      "spray": "oppo",
      "laMin": 10,
      "laMax": 15,
      "laBin": 3,
      "woba": 0.774,
      "xwobacon": 0.7,
      "quality": true,
      "count": 114
    },
    {
      "spray": "oppo",
      "laMin": 15,
      "laMax": 20,
      "laBin": 4,
      "woba": 0.604,
      "xwobacon": 0.627,
      "quality": true,
      "count": 99
    },
    {
      "spray": "oppo",
      "laMin": 20,
      "laMax": 25,
      "laBin": 5,
      "woba": 0.528,
      "xwobacon": 0.584,
      "quality": true,
      "count": 141
    },
    {
      "spray": "oppo",
      "laMin": 25,
      "laMax": 30,
      "laBin": 6,
      "woba": 0.488,
      "xwobacon": 0.521,
      "quality": false,
      "count": 125
    },
    {
      "spray": "oppo",
      "laMin": 30,
      "laMax": 35,
      "laBin": 7,
      "woba": 0.347,
      "xwobacon": 0.399,
      "quality": false,
      "count": 133
    },
    {
      "spray": "oppo",
      "laMin": 35,
      "laMax": 40,
      "laBin": 8,
      "woba": 0.142,
      "xwobacon": 0.158,
      "quality": false,
      "count": 114
    },
    {
      "spray": "oppo",
      "laMin": 40,
      "laMax": 50,
      "laBin": 9,
      "woba": 0.084,
      "xwobacon": 0.063,
      "quality": false,
      "count": 205
    },
    {
      "spray": "oppo",
      "laMin": 50,
      "laMax": null,
      "laBin": 10,
      "woba": 0.049,
      "xwobacon": 0.017,
      "quality": false,
      "count": 396
    },
    {
      "spray": "pull",
      "laMin": null,
      "laMax": 0,
      "laBin": 0,
      "woba": 0.149,
      "xwobacon": 0.156,
      "quality": false,
      "count": 1279
    },
    {
      "spray": "pull",
      "laMin": 0,
      "laMax": 5,
      "laBin": 1,
      "woba": 0.307,
      "xwobacon": 0.378,
      "quality": false,
      "count": 268
    },
    {
      "spray": "pull",
      "laMin": 5,
      "laMax": 10,
      "laBin": 2,
      "woba": 0.436,
      "xwobacon": 0.52,
      "quality": false,
      "count": 259
    },
    {
      "spray": "pull",
      "laMin": 10,
      "laMax": 15,
      "laBin": 3,
      "woba": 0.788,
      "xwobacon": 0.764,
      "quality": true,
      "count": 225
    },
    {
      "spray": "pull",
      "laMin": 15,
      "laMax": 20,
      "laBin": 4,
      "woba": 0.79,
      "xwobacon": 0.695,
      "quality": true,
      "count": 194
    },
    {
      "spray": "pull",
      "laMin": 20,
      "laMax": 25,
      "laBin": 5,
      "woba": 0.943,
      "xwobacon": 0.82,
      "quality": true,
      "count": 187
    },
    {
      "spray": "pull",
      "laMin": 25,
      "laMax": 30,
      "laBin": 6,
      "woba": 1.11,
      "xwobacon": 0.949,
      "quality": true,
      "count": 146
    },
    {
      "spray": "pull",
      "laMin": 30,
      "laMax": 35,
      "laBin": 7,
      "woba": 0.939,
      "xwobacon": 0.692,
      "quality": true,
      "count": 118
    },
    {
      "spray": "pull",
      "laMin": 35,
      "laMax": 40,
      "laBin": 8,
      "woba": 0.614,
      "xwobacon": 0.488,
      "quality": true,
      "count": 90
    },
    {
      "spray": "pull",
      "laMin": 40,
      "laMax": 50,
      "laBin": 9,
      "woba": 0.236,
      "xwobacon": 0.148,
      "quality": false,
      "count": 107
    },
    {
      "spray": "pull",
      "laMin": 50,
      "laMax": null,
      "laBin": 10,
      "woba": 0.025,
      "xwobacon": 0.019,
      "quality": false,
      "count": 143
    }
  ],
  "mvnModels": {
    "FF": {
      "mlb": {
        "mu": [
          16.191923,
          3.535183,
          39.390893,
          6.512443,
          94.664501
        ],
        "cov": [
          [
            7.60744175,
            -1.67680082,
            18.81204986,
            0.14514064,
            0.32051833
          ],
          [
            -1.67680082,
            65.30702629,
            -20.29667784,
            0.08412566,
            4.14310592
          ],
          [
            18.81204986,
            -20.29667784,
            139.57241366,
            0.55262919,
            3.2525564
          ],
          [
            0.14514064,
            0.08412566,
            0.55262919,
            0.18308878,
            0.028849
          ],
          [
            0.32051833,
            4.14310592,
            3.2525564,
            0.028849,
            5.9208749
          ]
        ]
      },
      "roc": {
        "mu": [
          16.20118,
          3.381177,
          5.656948,
          -0.681873,
          6.508165,
          94.601893
        ],
        "cov": [
          [
            7.63994713,
            -1.58930859,
            0.48248907,
            0.32048213,
            0.1403054,
            0.40395754
          ],
          [
            -1.58930859,
            65.98346208,
            -0.52877552,
            -11.66201855,
            0.09340262,
            4.90128375
          ],
          [
            0.48248907,
            -0.52877552,
            0.16939135,
            0.08613868,
            -0.01322682,
            0.117252
          ],
          [
            0.32048213,
            -11.66201855,
            0.08613868,
            2.76386806,
            -0.04268869,
            -1.11584416
          ],
          [
            0.1403054,
            0.09340262,
            -0.01322682,
            -0.04268869,
            0.1806938,
            0.02952577
          ],
          [
            0.40395754,
            4.90128375,
            0.117252,
            -1.11584416,
            0.02952577,
            6.10946739
          ]
        ]
      }
    },
    "FC": {
      "mlb": {
        "mu": [
          8.593706,
          -1.031136,
          37.687449,
          6.411579,
          89.968901
        ],
        "cov": [
          [
            9.60392833,
            -0.21192854,
            5.0061542,
            0.0035554,
            2.64610821
          ],
          [
            -0.21192854,
            10.93388116,
            -6.31363237,
            -0.0843152,
            0.31509693
          ],
          [
            5.0061542,
            -6.31363237,
            116.98890724,
            -0.28712958,
            5.06586139
          ],
          [
            0.0035554,
            -0.0843152,
            -0.28712958,
            0.18513737,
            0.0476039
          ],
          [
            2.64610821,
            0.31509693,
            5.06586139,
            0.0476039,
            8.97343266
          ]
        ]
      },
      "roc": {
        "mu": [
          8.52651,
          -0.924158,
          5.678627,
          -0.683592,
          6.3885,
          89.818754
        ],
        "cov": [
          [
            9.41312212,
            -0.01589356,
            0.10207839,
            0.00659382,
            0.02767953,
            2.45766166
          ],
          [
            -0.01589356,
            11.20821749,
            -0.18204654,
            2.42814055,
            -0.0822353,
            0.17108595
          ],
          [
            0.10207839,
            -0.18204654,
            0.17417726,
            0.08286569,
            -0.03663437,
            0.0699291
          ],
          [
            0.00659382,
            2.42814055,
            0.08286569,
            3.05755479,
            -0.0313327,
            -0.94339907
          ],
          [
            0.02767953,
            -0.0822353,
            -0.03663437,
            -0.0313327,
            0.17714185,
            0.09510891
          ],
          [
            2.45766166,
            0.17108595,
            0.0699291,
            -0.94339907,
            0.09510891,
            8.5523795
          ]
        ]
      }
    },
    "ST": {
      "mlb": {
        "mu": [
          1.231254,
          -4.818036,
          29.800679,
          6.31563,
          82.480019
        ],
        "cov": [
          [
            18.64357649,
            -7.88217633,
            -14.08952696,
            0.20741373,
            -0.64969968
          ],
          [
            -7.88217633,
            183.60381424,
            0.54208516,
            -0.31734297,
            -13.01616834
          ],
          [
            -14.08952696,
            0.54208516,
            188.93432144,
            0.38348953,
            17.74303799
          ],
          [
            0.20741373,
            -0.31734297,
            0.38348953,
            0.23013607,
            -0.01075988
          ],
          [
            -0.64969968,
            -13.01616834,
            17.74303799,
            -0.01075988,
            10.93212765
          ]
        ]
      },
      "roc": {
        "mu": [
          1.297323,
          -4.640618,
          5.429652,
          -0.515706,
          6.319961,
          82.417301
        ],
        "cov": [
          [
            18.64086228,
            -8.29910406,
            -0.6116722,
            -1.73501749,
            0.18536782,
            -0.52235224
          ],
          [
            -8.29910406,
            185.96936821,
            0.22170351,
            28.25403202,
            -0.38482382,
            -13.69658384
          ],
          [
            -0.6116722,
            0.22170351,
            0.30204476,
            0.07471659,
            -0.02335916,
            0.51105515
          ],
          [
            -1.73501749,
            28.25403202,
            0.07471659,
            5.00943803,
            -0.03880809,
            -2.33023384
          ],
          [
            0.18536782,
            -0.38482382,
            -0.02335916,
            -0.03880809,
            0.22601281,
            -0.00647049
          ],
          [
            -0.52235224,
            -13.69658384,
            0.51105515,
            -2.33023384,
            -0.00647049,
            10.99443699
          ]
        ]
      }
    },
    "SL": {
      "mlb": {
        "mu": [
          0.821879,
          -1.562251,
          40.768917,
          6.362226,
          86.280427
        ],
        "cov": [
          [
            15.29086089,
            1.29980884,
            0.30550773,
            0.1372751,
            2.22961139
          ],
          [
            1.29980884,
            20.54920754,
            -1.27096185,
            -0.13071241,
            -2.6506282
          ],
          [
            0.30550773,
            -1.27096185,
            109.42894473,
            0.47497439,
            3.71699361
          ],
          [
            0.1372751,
            -0.13071241,
            0.47497439,
            0.19625168,
            0.00999427
          ],
          [
            2.22961139,
            -2.6506282,
            3.71699361,
            0.00999427,
            7.3442835
          ]
        ]
      },
      "roc": {
        "mu": [
          0.811715,
          -1.496452,
          5.776572,
          -0.682555,
          6.356159,
          86.252421
        ],
        "cov": [
          [
            15.37473245,
            1.09700704,
            -0.04790551,
            0.28811163,
            0.13748393,
            2.17841925
          ],
          [
            1.09700704,
            21.68655182,
            -0.10245485,
            5.20251378,
            -0.13270065,
            -3.15533847
          ],
          [
            -0.04790551,
            -0.10245485,
            0.15611911,
            0.05947553,
            -0.01426651,
            0.02186036
          ],
          [
            0.28811163,
            5.20251378,
            0.05947553,
            2.70703603,
            -0.04013174,
            -1.23514582
          ],
          [
            0.13748393,
            -0.13270065,
            -0.01426651,
            -0.04013174,
            0.19708883,
            0.0482733
          ],
          [
            2.17841925,
            -3.15533847,
            0.02186036,
            -1.23514582,
            0.0482733,
            7.69756391
          ]
        ]
      }
    },
    "SV": {
      "mlb": {
        "mu": [
          -6.42486,
          -10.376262,
          35.021682,
          6.345252,
          82.20486
        ],
        "cov": [
          [
            8.07187147,
            1.28072232,
            -4.48425398,
            0.11950535,
            0.09072029
          ],
          [
            1.28072232,
            74.74967888,
            5.77175025,
            -0.67951443,
            6.25842375
          ],
          [
            -4.48425398,
            5.77175025,
            72.21855522,
            0.28145519,
            7.99946372
          ],
          [
            0.11950535,
            -0.67951443,
            0.28145519,
            0.20658903,
            -0.11057052
          ],
          [
            0.09072029,
            6.25842375,
            7.99946372,
            -0.11057052,
            14.65754188
          ]
        ]
      },
      "roc": {
        "mu": [
          -6.416106,
          -9.912566,
          5.709381,
          -1.552602,
          6.34646,
          82.020177
        ],
        "cov": [
          [
            8.1295451,
            1.77265185,
            -0.12147631,
            0.18587823,
            0.11587728,
            0.1300064
          ],
          [
            1.77265185,
            85.22259003,
            0.38708617,
            9.51399916,
            -0.57295236,
            4.61942067
          ],
          [
            -0.12147631,
            0.38708617,
            0.08944341,
            0.03435619,
            -0.01224759,
            0.22500543
          ],
          [
            0.18587823,
            9.51399916,
            0.03435619,
            1.62143701,
            0.03222694,
            0.31941074
          ],
          [
            0.11587728,
            -0.57295236,
            -0.01224759,
            0.03222694,
            0.19863745,
            -0.11038767
          ],
          [
            0.1300064,
            4.61942067,
            0.22500543,
            0.31941074,
            -0.11038767,
            14.64597515
          ]
        ]
      }
    },
    "CH": {
      "mlb": {
        "mu": [
          3.991477,
          3.859158,
          36.211885,
          6.448383,
          86.1563
        ],
        "cov": [
          [
            26.45637955,
            -2.66715782,
            31.86782703,
            0.17269153,
            -2.08231855
          ],
          [
            -2.66715782,
            209.8517734,
            -23.486896,
            0.26700595,
            14.18547446
          ],
          [
            31.86782703,
            -23.486896,
            128.00554842,
            0.06819503,
            -1.00399731
          ],
          [
            0.17269153,
            0.26700595,
            0.06819503,
            0.17086837,
            -0.12597432
          ],
          [
            -2.08231855,
            14.18547446,
            -1.00399731,
            -0.12597432,
            10.94606171
          ]
        ]
      },
      "roc": {
        "mu": [
          3.920565,
          3.936443,
          5.592384,
          -0.387076,
          6.440899,
          86.120341
        ],
        "cov": [
          [
            26.2141777,
            -1.28221217,
            0.98541103,
            0.26091091,
            0.14347903,
            -1.96809001
          ],
          [
            -1.28221217,
            209.27682099,
            -0.7102253,
            -24.13321001,
            0.40804304,
            15.64959726
          ],
          [
            0.98541103,
            -0.7102253,
            0.1749095,
            0.08468347,
            -0.0160683,
            -0.02237398
          ],
          [
            0.26091091,
            -24.13321001,
            0.08468347,
            3.38872272,
            -0.03755869,
            -2.14277686
          ],
          [
            0.14347903,
            0.40804304,
            -0.0160683,
            -0.03755869,
            0.16586175,
            -0.08351134
          ],
          [
            -1.96809001,
            15.64959726,
            -0.02237398,
            -2.14277686,
            -0.08351134,
            11.83740356
          ]
        ]
      }
    },
    "SI": {
      "mlb": {
        "mu": [
          7.513863,
          5.615617,
          32.845548,
          6.416612,
          94.008662
        ],
        "cov": [
          [
            23.18791569,
            1.78036801,
            50.85215271,
            0.34485937,
            3.95263353
          ],
          [
            1.78036801,
            223.77963367,
            -1.56841356,
            0.33327288,
            8.9759903
          ],
          [
            50.85215271,
            -1.56841356,
            222.15567543,
            0.20029716,
            17.53842826
          ],
          [
            0.34485937,
            0.33327288,
            0.20029716,
            0.2137634,
            -0.06687581
          ],
          [
            3.95263353,
            8.9759903,
            17.53842826,
            -0.06687581,
            7.44509404
          ]
        ]
      },
      "roc": {
        "mu": [
          7.481541,
          5.711643,
          5.518685,
          -0.55183,
          6.411723,
          93.957554
        ],
        "cov": [
          [
            23.0156045,
            1.76539541,
            1.63416106,
            0.17138729,
            0.31796592,
            3.84478641
          ],
          [
            1.76539541,
            222.25944478,
            -0.36238028,
            -24.76327817,
            0.39299856,
            9.78966211
          ],
          [
            1.63416106,
            -0.36238028,
            0.33144788,
            0.09009075,
            -0.01779282,
            0.67116977
          ],
          [
            0.17138729,
            -24.76327817,
            0.09009075,
            3.32945151,
            -0.00654791,
            -1.14293977
          ],
          [
            0.31796592,
            0.39299856,
            -0.01779282,
            -0.00654791,
            0.21310235,
            -0.06436241
          ],
          [
            3.84478641,
            9.78966211,
            0.67116977,
            -1.14293977,
            -0.06436241,
            7.51370653
          ]
        ]
      }
    },
    "FS": {
      "mlb": {
        "mu": [
          2.507266,
          9.374317,
          38.455683,
          6.581741,
          86.916547
        ],
        "cov": [
          [
            18.14217179,
            4.22898445,
            14.19254687,
            -0.13344966,
            1.21075081
          ],
          [
            4.22898445,
            70.74297559,
            2.76630518,
            0.56678197,
            8.0176751
          ],
          [
            14.19254687,
            2.76630518,
            90.51367178,
            0.34026944,
            -3.98371542
          ],
          [
            -0.13344966,
            0.56678197,
            0.34026944,
            0.13825831,
            -0.09770845
          ],
          [
            1.21075081,
            8.0176751,
            -3.98371542,
            -0.09770845,
            11.25537756
          ]
        ]
      },
      "roc": {
        "mu": [
          2.586054,
          8.780863,
          5.699031,
          -1.202902,
          6.571951,
          86.728956
        ],
        "cov": [
          [
            19.35381665,
            2.93216724,
            0.08981313,
            0.3111754,
            -0.20097089,
            1.12920883
          ],
          [
            2.93216724,
            73.66024681,
            -0.11581831,
            -9.04824455,
            0.52840282,
            9.13139302
          ],
          [
            0.08981313,
            -0.11581831,
            0.10604706,
            -0.00607021,
            -0.0092202,
            -0.13676228
          ],
          [
            0.3111754,
            -9.04824455,
            -0.00607021,
            1.7508126,
            -0.11516198,
            -0.91803232
          ],
          [
            -0.20097089,
            0.52840282,
            -0.0092202,
            -0.11516198,
            0.14425026,
            -0.09611285
          ],
          [
            1.12920883,
            9.13139302,
            -0.13676228,
            -0.91803232,
            -0.09611285,
            10.87394828
          ]
        ]
      }
    },
    "CU": {
      "mlb": {
        "mu": [
          -11.733526,
          -4.449749,
          44.299652,
          6.39669,
          80.565701
        ],
        "cov": [
          [
            14.58368234,
            -0.41713223,
            -12.61396065,
            0.1382661,
            3.01824299
          ],
          [
            -0.41713223,
            70.28367556,
            26.2224827,
            -0.4138761,
            -0.365741
          ],
          [
            -12.61396065,
            26.2224827,
            95.44888319,
            0.17531145,
            1.11693552
          ],
          [
            0.1382661,
            -0.4138761,
            0.17531145,
            0.17312293,
            0.18397259
          ],
          [
            3.01824299,
            -0.365741,
            1.11693552,
            0.18397259,
            15.38951864
          ]
        ]
      },
      "roc": {
        "mu": [
          -11.751768,
          -4.415534,
          5.94724,
          -0.776931,
          6.383977,
          80.453603
        ],
        "cov": [
          [
            14.60823727,
            -1.19213049,
            -0.40883793,
            0.13182335,
            0.09638003,
            3.73519338
          ],
          [
            -1.19213049,
            70.71377086,
            0.80143008,
            10.62423505,
            -0.45713712,
            -1.13835442
          ],
          [
            -0.40883793,
            0.80143008,
            0.14853825,
            0.0939928,
            -0.04384863,
            -0.22169389
          ],
          [
            0.13182335,
            10.62423505,
            0.0939928,
            2.53111472,
            -0.09069654,
            -0.8602081
          ],
          [
            0.09638003,
            -0.45713712,
            -0.04384863,
            -0.09069654,
            0.1688681,
            0.17731277
          ],
          [
            3.73519338,
            -1.13835442,
            -0.22169389,
            -0.8602081,
            0.17731277,
            16.01275648
          ]
        ]
      }
    }
  }
}