{
  "teams": [
    "ARI",
    "ATH",
    "ATL",
    "BAL",
    "BOS",
    "CHC",
    "CIN",
    "CLE",
    "COL",
    "CWS",
    "DET",
    "HOU",
    "KCR",
    "LAA",
    "LAD",
    "MIA",
    "MIL",
    "MIN",
    "NYM",
    "NYY",
    "PHI",
    "PIT",
    "ROC",
    "SDP",
    "SEA",
    "SFG",
    "STL",
    "TBR",
    "TEX",
    "TOR",
    "WSH"
  ],
  "pitchTypes": [
    "CH",
    "CU",
    "EP",
    "FC",
    "FF",
    "FS",
    "SI",
    "SL",
    "ST",
    "SV"
  ],
  "generatedAt": "2026-04-09 21:43",
  "totalPitches": 55237,
  "totalPitchers": 431,
  "totalHitters": 410,
  "rocTeams": [
    "ROC"
  ],
  "leagueAverages": {
    "FF": {
      "velocity": 94.55,
      "spinRate": 2313.92,
      "indVertBrk": 16.33,
      "horzBrk": 3.5,
      "relPosZ": 5.67,
      "relPosX": -0.73,
      "extension": 6.51,
      "armAngle": 39.68,
      "vaa": -4.62,
      "haa": 0.52,
      "strikePct": 0.653,
      "izPct": 0.5251,
      "swStrRate": 0.1076,
      "swStrPct": 0.2233,
      "cswPct": 0.2834,
      "izWhiffPct": 0.1749,
      "chasePct": 0.2752,
      "gbPct": 0.3139,
      "fpsPct": 0.6017,
      "breakTiltMinutes": 23,
      "breakTilt": "12:23",
      "xBA": 0.2378,
      "xSLG": 0.4262,
      "xwOBA": 0.3487,
      "count": 398
    },
    "SI": {
      "velocity": 93.9,
      "spinRate": 2188.15,
      "indVertBrk": 7.6,
      "horzBrk": 5.7,
      "relPosZ": 5.53,
      "relPosX": -0.55,
      "extension": 6.42,
      "armAngle": 32.99,
      "vaa": -5.81,
      "haa": 0.04,
      "strikePct": 0.6609,
      "izPct": 0.5514,
      "swStrRate": 0.0639,
      "swStrPct": 0.1409,
      "cswPct": 0.276,
      "izWhiffPct": 0.0976,
      "chasePct": 0.2473,
      "gbPct": 0.5413,
      "fpsPct": 0.6075,
      "breakTiltMinutes": 72,
      "breakTilt": "1:12",
      "xBA": 0.2752,
      "xSLG": 0.4003,
      "xwOBA": 0.354,
      "count": 318
    },
    "SL": {
      "velocity": 86.23,
      "spinRate": 2430.11,
      "indVertBrk": 1.0,
      "horzBrk": -1.47,
      "relPosZ": 5.78,
      "relPosX": -0.66,
      "extension": 6.36,
      "armAngle": 40.87,
      "vaa": -7.78,
      "haa": 1.1,
      "strikePct": 0.6278,
      "izPct": 0.4637,
      "swStrRate": 0.1669,
      "swStrPct": 0.3514,
      "cswPct": 0.3248,
      "izWhiffPct": 0.2154,
      "chasePct": 0.3144,
      "gbPct": 0.4265,
      "fpsPct": 0.6115,
      "breakTiltMinutes": 618,
      "breakTilt": "10:18",
      "xBA": 0.2174,
      "xSLG": 0.36,
      "xwOBA": 0.2876,
      "count": 268
    },
    "FS": {
      "velocity": 86.78,
      "spinRate": 1413.82,
      "indVertBrk": 2.57,
      "horzBrk": 8.06,
      "relPosZ": 5.68,
      "relPosX": -1.1,
      "extension": 6.61,
      "armAngle": 39.35,
      "vaa": -7.76,
      "haa": 0.37,
      "strikePct": 0.5861,
      "izPct": 0.3742,
      "swStrRate": 0.1824,
      "swStrPct": 0.3656,
      "cswPct": 0.2601,
      "izWhiffPct": 0.2493,
      "chasePct": 0.3495,
      "gbPct": 0.5554,
      "fpsPct": 0.5604,
      "breakTiltMinutes": 133,
      "breakTilt": "2:13",
      "xBA": 0.1969,
      "xSLG": 0.2843,
      "xwOBA": 0.2363,
      "count": 94
    },
    "ST": {
      "velocity": 82.33,
      "spinRate": 2568.59,
      "indVertBrk": 1.32,
      "horzBrk": -5.14,
      "relPosZ": 5.44,
      "relPosX": -0.58,
      "extension": 6.33,
      "armAngle": 30.03,
      "vaa": -7.65,
      "haa": 1.37,
      "strikePct": 0.5915,
      "izPct": 0.4435,
      "swStrRate": 0.1416,
      "swStrPct": 0.3185,
      "cswPct": 0.2995,
      "izWhiffPct": 0.2033,
      "chasePct": 0.2706,
      "gbPct": 0.3252,
      "fpsPct": 0.5667,
      "breakTiltMinutes": 569,
      "breakTilt": "9:29",
      "xBA": 0.1839,
      "xSLG": 0.3024,
      "xwOBA": 0.2575,
      "count": 204
    },
    "FC": {
      "velocity": 89.77,
      "spinRate": 2379.26,
      "indVertBrk": 8.62,
      "horzBrk": -1.1,
      "relPosZ": 5.67,
      "relPosX": -0.73,
      "extension": 6.41,
      "armAngle": 37.55,
      "vaa": -6.01,
      "haa": 1.12,
      "strikePct": 0.6471,
      "izPct": 0.5279,
      "swStrRate": 0.1132,
      "swStrPct": 0.2392,
      "cswPct": 0.2877,
      "izWhiffPct": 0.1686,
      "chasePct": 0.2487,
      "gbPct": 0.3755,
      "fpsPct": 0.6089,
      "breakTiltMinutes": 703,
      "breakTilt": "11:43",
      "xBA": 0.2578,
      "xSLG": 0.441,
      "xwOBA": 0.3509,
      "count": 181
    },
    "CH": {
      "velocity": 85.93,
      "spinRate": 1758.06,
      "indVertBrk": 4.14,
      "horzBrk": 4.25,
      "relPosZ": 5.61,
      "relPosX": -0.43,
      "extension": 6.44,
      "armAngle": 36.32,
      "vaa": -7.51,
      "haa": 0.03,
      "strikePct": 0.5782,
      "izPct": 0.3977,
      "swStrRate": 0.1641,
      "swStrPct": 0.3404,
      "cswPct": 0.2587,
      "izWhiffPct": 0.2466,
      "chasePct": 0.3155,
      "gbPct": 0.5323,
      "fpsPct": 0.5467,
      "breakTiltMinutes": 103,
      "breakTilt": "1:43",
      "xBA": 0.2145,
      "xSLG": 0.3098,
      "xwOBA": 0.2656,
      "count": 253
    },
    "SV": {
      "velocity": 82.24,
      "spinRate": 2579.98,
      "indVertBrk": -6.57,
      "horzBrk": -10.54,
      "relPosZ": 5.76,
      "relPosX": -1.59,
      "extension": 6.39,
      "armAngle": 37.24,
      "vaa": -8.96,
      "haa": 3.09,
      "strikePct": 0.6003,
      "izPct": 0.4327,
      "swStrRate": 0.151,
      "swStrPct": 0.3426,
      "cswPct": 0.3173,
      "izWhiffPct": 0.1363,
      "chasePct": 0.3124,
      "gbPct": 0.4132,
      "fpsPct": 0.5683,
      "breakTiltMinutes": 472,
      "breakTilt": "7:52",
      "xBA": 0.1914,
      "xSLG": 0.3197,
      "xwOBA": 0.2605,
      "count": 30
    },
    "CU": {
      "velocity": 80.37,
      "spinRate": 2551.1,
      "indVertBrk": -11.88,
      "horzBrk": -4.25,
      "relPosZ": 5.95,
      "relPosX": -0.74,
      "extension": 6.4,
      "armAngle": 44.44,
      "vaa": -9.89,
      "haa": 1.32,
      "strikePct": 0.5714,
      "izPct": 0.4191,
      "swStrRate": 0.1261,
      "swStrPct": 0.3166,
      "cswPct": 0.2995,
      "izWhiffPct": 0.1614,
      "chasePct": 0.2707,
      "gbPct": 0.5118,
      "fpsPct": 0.5301,
      "breakTiltMinutes": 391,
      "breakTilt": "6:31",
      "xBA": 0.2125,
      "xSLG": 0.337,
      "xwOBA": 0.2837,
      "count": 188
    }
  },
  "pitcherLeagueAverages": {
    "strikePct": 0.6279,
    "izPct": 0.4858,
    "swStrRate": 0.1226,
    "swStrPct": 0.2647,
    "cswPct": 0.2874,
    "izWhiffPct": 0.1768,
    "chasePct": 0.2844,
    "gbPct": 0.4293,
    "kPct": 0.2338,
    "bbPct": 0.097,
    "kbbPct": 0.1368,
    "babip": 0.2876,
    "fpsPct": 0.5918,
    "twoStrikeWhiffPct": 0.2595,
    "relPosZ": 5.6529,
    "relPosX": -0.6735,
    "extension": 6.4369,
    "armAngle": 37.6527,
    "vaa": -6.4736,
    "haa": 0.6739,
    "avgEVAgainst": 88.8193,
    "maxEVAgainst": 108.5024,
    "hardHitPct": 0.3984,
    "barrelPctAgainst": 0.0819,
    "ldPct": 0.2257,
    "fbPct": 0.2658,
    "puPct": 0.0767,
    "hrFbPct": 0.1048,
    "wOBA": 0.3133,
    "xBA": 0.2319,
    "xSLG": 0.3769,
    "xwOBA": 0.3149,
    "xwOBAcon": 0.3638,
    "count": 431,
    "era": 3.93,
    "hr9": 0.92,
    "fip": 3.91,
    "xFIP": 3.93,
    "siera": 3.92
  },
  "hitterLeagueAverages": {
    "wOBA": 0.3139,
    "xBA": 0.2324,
    "xSLG": 0.3785,
    "xwOBA": 0.3152,
    "xwOBAcon": 0.3634,
    "xwOBAsp": 0.3633,
    "avgEVAll": 88.8395,
    "ev50": 99.6451,
    "maxEV": 107.1177,
    "hardHitPct": 0.3988,
    "barrelPct": 0.0823,
    "sacqPct": 0.2857,
    "gbPct": 0.4311,
    "ldPct": 0.2262,
    "fbPct": 0.266,
    "puPct": 0.0766,
    "hrFbPct": 0.1093,
    "pullPct": 0.2475,
    "middlePct": 0.0,
    "oppoPct": 0.1329,
    "airPullPct": 0.099,
    "swingPct": 0.4641,
    "izSwingPct": 0.6498,
    "chasePct": 0.2873,
    "izSwChase": 0.3625,
    "contactPct": 0.738,
    "izContactPct": 0.8262,
    "whiffPct": 0.262,
    "batSpeed": 70.991,
    "swingLength": 7.2913,
    "attackAngle": 9.8626,
    "attackDirection": -1.535,
    "swingPathTilt": 32.1166,
    "twoStrikeWhiffPct": 0.2617,
    "firstPitchSwingPct": 0.3021,
    "avgFbDist": 309.2695,
    "avgHrDist": 392.9627,
    "sprintSpeed": 26.7776,
    "runValue": -0.0702,
    "count": 410
  },
  "vaaRegressions": {
    "CH": {
      "slope": 1.080984,
      "intercept": -9.473319,
      "leagueAvgPlateZ": 1.814072
    },
    "CU": {
      "slope": 0.975406,
      "intercept": -11.657475,
      "leagueAvgPlateZ": 1.811305
    },
    "EP": {
      "slope": 0.938882,
      "intercept": -17.359429,
      "leagueAvgPlateZ": 2.878557
    },
    "FC": {
      "slope": 1.101312,
      "intercept": -8.790454,
      "leagueAvgPlateZ": 2.523238
    },
    "FF": {
      "slope": 1.063651,
      "intercept": -7.675506,
      "leagueAvgPlateZ": 2.868608
    },
    "FS": {
      "slope": 1.074936,
      "intercept": -9.596327,
      "leagueAvgPlateZ": 1.708532
    },
    "SI": {
      "slope": 1.08375,
      "intercept": -8.448851,
      "leagueAvgPlateZ": 2.433019
    },
    "SL": {
      "slope": 1.084372,
      "intercept": -9.88897,
      "leagueAvgPlateZ": 1.942114
    },
    "ST": {
      "slope": 1.127388,
      "intercept": -9.936057,
      "leagueAvgPlateZ": 2.028126
    },
    "SV": {
      "slope": 1.098775,
      "intercept": -10.986519,
      "leagueAvgPlateZ": 1.845546
    }
  },
  "haaRegressions": {
    "CH": {
      "slope": 0.755573,
      "intercept": 0.083001,
      "leagueAvgPlateX": -0.067838
    },
    "CU": {
      "slope": 1.270604,
      "intercept": 1.2661,
      "leagueAvgPlateX": 0.043577
    },
    "EP": {
      "slope": 0.995547,
      "intercept": 1.10409,
      "leagueAvgPlateX": 0.015567
    },
    "FC": {
      "slope": 1.725712,
      "intercept": 0.88321,
      "leagueAvgPlateX": 0.137585
    },
    "FF": {
      "slope": 1.037283,
      "intercept": 0.530059,
      "leagueAvgPlateX": -0.005115
    },
    "FS": {
      "slope": 0.849619,
      "intercept": 0.504956,
      "leagueAvgPlateX": -0.158763
    },
    "SI": {
      "slope": 0.817598,
      "intercept": 0.098103,
      "leagueAvgPlateX": -0.072382
    },
    "SL": {
      "slope": 1.812211,
      "intercept": 0.819287,
      "leagueAvgPlateX": 0.153423
    },
    "ST": {
      "slope": 2.353745,
      "intercept": 0.944697,
      "leagueAvgPlateX": 0.181941
    },
    "SV": {
      "slope": 1.577628,
      "intercept": 2.785966,
      "leagueAvgPlateX": 0.192475
    }
  },
  "sacqZones": [
    {
      "spray": "center_oppo",
      "laMin": null,
      "laMax": 0,
      "laBin": 0,
      "woba": 0.125,
      "xwobacon": 0.18,
      "quality": false,
      "count": 254
    },
    {
      "spray": "center_oppo",
      "laMin": 0,
      "laMax": 5,
      "laBin": 1,
      "woba": 0.277,
      "xwobacon": 0.375,
      "quality": false,
      "count": 66
    },
    {
      "spray": "center_oppo",
      "laMin": 5,
      "laMax": 10,
      "laBin": 2,
      "woba": 0.279,
      "xwobacon": 0.492,
      "quality": false,
      "count": 87
    },
    {
      "spray": "center_oppo",
      "laMin": 10,
      "laMax": 15,
      "laBin": 3,
      "woba": 0.534,
      "xwobacon": 0.696,
      "quality": true,
      "count": 93
    },
    {
      "spray": "center_oppo",
      "laMin": 15,
      "laMax": 20,
      "laBin": 4,
      "woba": 0.438,
      "xwobacon": 0.636,
      "quality": false,
      "count": 102
    },
    {
      "spray": "center_oppo",
      "laMin": 20,
      "laMax": 25,
      "laBin": 5,
      "woba": 0.389,
      "xwobacon": 0.625,
      "quality": false,
      "count": 94
    },
    {
      "spray": "center_oppo",
      "laMin": 25,
      "laMax": 30,
      "laBin": 6,
      "woba": 0.229,
      "xwobacon": 0.657,
      "quality": false,
      "count": 112
    },
    {
      "spray": "center_oppo",
      "laMin": 30,
      "laMax": 35,
      "laBin": 7,
      "woba": 0.15,
      "xwobacon": 0.476,
      "quality": false,
      "count": 106
    },
    {
      "spray": "center_oppo",
      "laMin": 35,
      "laMax": 40,
      "laBin": 8,
      "woba": 0.108,
      "xwobacon": 0.372,
      "quality": false,
      "count": 82
    },
    {
      "spray": "center_oppo",
      "laMin": 40,
      "laMax": 50,
      "laBin": 9,
      "woba": 0.046,
      "xwobacon": 0.083,
      "quality": false,
      "count": 100
    },
    {
      "spray": "center_oppo",
      "laMin": 50,
      "laMax": null,
      "laBin": 10,
      "woba": 0.02,
      "xwobacon": 0.019,
      "quality": false,
      "count": 109
    },
    {
      "spray": "center_pull",
      "laMin": null,
      "laMax": 0,
      "laBin": 0,
      "woba": 0.319,
      "xwobacon": 0.19,
      "quality": false,
      "count": 349
    },
    {
      "spray": "center_pull",
      "laMin": 0,
      "laMax": 5,
      "laBin": 1,
      "woba": 0.593,
      "xwobacon": 0.409,
      "quality": true,
      "count": 93
    },
    {
      "spray": "center_pull",
      "laMin": 5,
      "laMax": 10,
      "laBin": 2,
      "woba": 0.73,
      "xwobacon": 0.532,
      "quality": true,
      "count": 111
    },
    {
      "spray": "center_pull",
      "laMin": 10,
      "laMax": 15,
      "laBin": 3,
      "woba": 0.866,
      "xwobacon": 0.75,
      "quality": true,
      "count": 103
    },
    {
      "spray": "center_pull",
      "laMin": 15,
      "laMax": 20,
      "laBin": 4,
      "woba": 0.714,
      "xwobacon": 0.682,
      "quality": true,
      "count": 138
    },
    {
      "spray": "center_pull",
      "laMin": 20,
      "laMax": 25,
      "laBin": 5,
      "woba": 0.5,
      "xwobacon": 0.693,
      "quality": false,
      "count": 119
    },
    {
      "spray": "center_pull",
      "laMin": 25,
      "laMax": 30,
      "laBin": 6,
      "woba": 0.558,
      "xwobacon": 0.834,
      "quality": true,
      "count": 101
    },
    {
      "spray": "center_pull",
      "laMin": 30,
      "laMax": 35,
      "laBin": 7,
      "woba": 0.474,
      "xwobacon": 0.694,
      "quality": false,
      "count": 89
    },
    {
      "spray": "center_pull",
      "laMin": 35,
      "laMax": 40,
      "laBin": 8,
      "woba": 0.174,
      "xwobacon": 0.336,
      "quality": false,
      "count": 63
    },
    {
      "spray": "center_pull",
      "laMin": 40,
      "laMax": 50,
      "laBin": 9,
      "woba": 0.069,
      "xwobacon": 0.099,
      "quality": false,
      "count": 112
    },
    {
      "spray": "center_pull",
      "laMin": 50,
      "laMax": null,
      "laBin": 10,
      "woba": 0.0,
      "xwobacon": 0.022,
      "quality": false,
      "count": 92
    },
    {
      "spray": "oppo",
      "laMin": null,
      "laMax": 0,
      "laBin": 0,
      "woba": 0.305,
      "xwobacon": 0.17,
      "quality": false,
      "count": 162
    },
    {
      "spray": "oppo",
      "laMin": 0,
      "laMax": 5,
      "laBin": 1,
      "woba": 0.608,
      "xwobacon": 0.315,
      "quality": true,
      "count": 49
    },
    {
      "spray": "oppo",
      "laMin": 5,
      "laMax": 10,
      "laBin": 2,
      "woba": 0.786,
      "xwobacon": 0.485,
      "quality": true,
      "count": 45
    },
    {
      "spray": "oppo",
      "laMin": 10,
      "laMax": 15,
      "laBin": 3,
      "woba": 0.785,
      "xwobacon": 0.683,
      "quality": true,
      "count": 56
    },
    {
      "spray": "oppo",
      "laMin": 15,
      "laMax": 20,
      "laBin": 4,
      "woba": 0.587,
      "xwobacon": 0.61,
      "quality": true,
      "count": 52
    },
    {
      "spray": "oppo",
      "laMin": 20,
      "laMax": 25,
      "laBin": 5,
      "woba": 0.503,
      "xwobacon": 0.589,
      "quality": true,
      "count": 73
    },
    {
      "spray": "oppo",
      "laMin": 25,
      "laMax": 30,
      "laBin": 6,
      "woba": 0.608,
      "xwobacon": 0.502,
      "quality": true,
      "count": 78
    },
    {
      "spray": "oppo",
      "laMin": 30,
      "laMax": 35,
      "laBin": 7,
      "woba": 0.421,
      "xwobacon": 0.312,
      "quality": false,
      "count": 82
    },
    {
      "spray": "oppo",
      "laMin": 35,
      "laMax": 40,
      "laBin": 8,
      "woba": 0.27,
      "xwobacon": 0.148,
      "quality": false,
      "count": 69
    },
    {
      "spray": "oppo",
      "laMin": 40,
      "laMax": 50,
      "laBin": 9,
      "woba": 0.099,
      "xwobacon": 0.053,
      "quality": false,
      "count": 156
    },
    {
      "spray": "oppo",
      "laMin": 50,
      "laMax": null,
      "laBin": 10,
      "woba": 0.057,
      "xwobacon": 0.016,
      "quality": false,
      "count": 374
    },
    {
      "spray": "oppo_side",
      "laMin": null,
      "laMax": 0,
      "laBin": 0,
      "woba": 0.28,
      "xwobacon": 0.179,
      "quality": false,
      "count": 227
    },
    {
      "spray": "oppo_side",
      "laMin": 0,
      "laMax": 5,
      "laBin": 1,
      "woba": 0.327,
      "xwobacon": 0.38,
      "quality": false,
      "count": 66
    },
    {
      "spray": "oppo_side",
      "laMin": 5,
      "laMax": 10,
      "laBin": 2,
      "woba": 0.542,
      "xwobacon": 0.468,
      "quality": true,
      "count": 83
    },
    {
      "spray": "oppo_side",
      "laMin": 10,
      "laMax": 15,
      "laBin": 3,
      "woba": 0.774,
      "xwobacon": 0.694,
      "quality": true,
      "count": 90
    },
    {
      "spray": "oppo_side",
      "laMin": 15,
      "laMax": 20,
      "laBin": 4,
      "woba": 0.628,
      "xwobacon": 0.65,
      "quality": true,
      "count": 81
    },
    {
      "spray": "oppo_side",
      "laMin": 20,
      "laMax": 25,
      "laBin": 5,
      "woba": 0.53,
      "xwobacon": 0.577,
      "quality": true,
      "count": 111
    },
    {
      "spray": "oppo_side",
      "laMin": 25,
      "laMax": 30,
      "laBin": 6,
      "woba": 0.329,
      "xwobacon": 0.568,
      "quality": false,
      "count": 93
    },
    {
      "spray": "oppo_side",
      "laMin": 30,
      "laMax": 35,
      "laBin": 7,
      "woba": 0.266,
      "xwobacon": 0.447,
      "quality": false,
      "count": 105
    },
    {
      "spray": "oppo_side",
      "laMin": 35,
      "laMax": 40,
      "laBin": 8,
      "woba": 0.047,
      "xwobacon": 0.165,
      "quality": false,
      "count": 78
    },
    {
      "spray": "oppo_side",
      "laMin": 40,
      "laMax": 50,
      "laBin": 9,
      "woba": 0.027,
      "xwobacon": 0.077,
      "quality": false,
      "count": 108
    },
    {
      "spray": "oppo_side",
      "laMin": 50,
      "laMax": null,
      "laBin": 10,
      "woba": 0.006,
      "xwobacon": 0.02,
      "quality": false,
      "count": 145
    },
    {
      "spray": "pull",
      "laMin": null,
      "laMax": 0,
      "laBin": 0,
      "woba": 0.179,
      "xwobacon": 0.148,
      "quality": false,
      "count": 1012
    },
    {
      "spray": "pull",
      "laMin": 0,
      "laMax": 5,
      "laBin": 1,
      "woba": 0.379,
      "xwobacon": 0.376,
      "quality": false,
      "count": 189
    },
    {
      "spray": "pull",
      "laMin": 5,
      "laMax": 10,
      "laBin": 2,
      "woba": 0.496,
      "xwobacon": 0.53,
      "quality": false,
      "count": 171
    },
    {
      "spray": "pull",
      "laMin": 10,
      "laMax": 15,
      "laBin": 3,
      "woba": 0.889,
      "xwobacon": 0.763,
      "quality": true,
      "count": 177
    },
    {
      "spray": "pull",
      "laMin": 15,
      "laMax": 20,
      "laBin": 4,
      "woba": 1.012,
      "xwobacon": 0.699,
      "quality": true,
      "count": 136
    },
    {
      "spray": "pull",
      "laMin": 20,
      "laMax": 25,
      "laBin": 5,
      "woba": 1.057,
      "xwobacon": 0.805,
      "quality": true,
      "count": 132
    },
    {
      "spray": "pull",
      "laMin": 25,
      "laMax": 30,
      "laBin": 6,
      "woba": 1.187,
      "xwobacon": 0.918,
      "quality": true,
      "count": 109
    },
    {
      "spray": "pull",
      "laMin": 30,
      "laMax": 35,
      "laBin": 7,
      "woba": 1.025,
      "xwobacon": 0.685,
      "quality": true,
      "count": 69
    },
    {
      "spray": "pull",
      "laMin": 35,
      "laMax": 40,
      "laBin": 8,
      "woba": 0.903,
      "xwobacon": 0.548,
      "quality": true,
      "count": 49
    },
    {
      "spray": "pull",
      "laMin": 40,
      "laMax": 50,
      "laBin": 9,
      "woba": 0.355,
      "xwobacon": 0.145,
      "quality": false,
      "count": 66
    },
    {
      "spray": "pull",
      "laMin": 50,
      "laMax": null,
      "laBin": 10,
      "woba": 0.036,
      "xwobacon": 0.017,
      "quality": false,
      "count": 102
    },
    {
      "spray": "pull_side",
      "laMin": null,
      "laMax": 0,
      "laBin": 0,
      "woba": 0.119,
      "xwobacon": 0.164,
      "quality": false,
      "count": 715
    },
    {
      "spray": "pull_side",
      "laMin": 0,
      "laMax": 5,
      "laBin": 1,
      "woba": 0.229,
      "xwobacon": 0.377,
      "quality": false,
      "count": 166
    },
    {
      "spray": "pull_side",
      "laMin": 5,
      "laMax": 10,
      "laBin": 2,
      "woba": 0.351,
      "xwobacon": 0.492,
      "quality": false,
      "count": 160
    },
    {
      "spray": "pull_side",
      "laMin": 10,
      "laMax": 15,
      "laBin": 3,
      "woba": 0.63,
      "xwobacon": 0.758,
      "quality": true,
      "count": 128
    },
    {
      "spray": "pull_side",
      "laMin": 15,
      "laMax": 20,
      "laBin": 4,
      "woba": 0.568,
      "xwobacon": 0.703,
      "quality": true,
      "count": 122
    },
    {
      "spray": "pull_side",
      "laMin": 20,
      "laMax": 25,
      "laBin": 5,
      "woba": 0.813,
      "xwobacon": 0.838,
      "quality": true,
      "count": 107
    },
    {
      "spray": "pull_side",
      "laMin": 25,
      "laMax": 30,
      "laBin": 6,
      "woba": 0.921,
      "xwobacon": 0.946,
      "quality": true,
      "count": 95
    },
    {
      "spray": "pull_side",
      "laMin": 30,
      "laMax": 35,
      "laBin": 7,
      "woba": 0.825,
      "xwobacon": 0.648,
      "quality": true,
      "count": 81
    },
    {
      "spray": "pull_side",
      "laMin": 35,
      "laMax": 40,
      "laBin": 8,
      "woba": 0.389,
      "xwobacon": 0.4,
      "quality": false,
      "count": 64
    },
    {
      "spray": "pull_side",
      "laMin": 40,
      "laMax": 50,
      "laBin": 9,
      "woba": 0.054,
      "xwobacon": 0.139,
      "quality": false,
      "count": 71
    },
    {
      "spray": "pull_side",
      "laMin": 50,
      "laMax": null,
      "laBin": 10,
      "woba": 0.011,
      "xwobacon": 0.02,
      "quality": false,
      "count": 83
    }
  ],
  "mvnModels": {
    "CH_L": {
      "mlb": {
        "mu": [
          4.428013,
          -14.569556,
          37.485518,
          6.387267,
          84.637579
        ],
        "cov": [
          [
            28.572118,
            0.984192,
            35.766932,
            0.242635,
            -1.571429
          ],
          [
            0.984192,
            9.858946,
            6.671927,
            0.092406,
            -2.079183
          ],
          [
            35.766932,
            6.671927,
            113.326147,
            -0.056805,
            2.6178
          ],
          [
            0.242635,
            0.092406,
            -0.056805,
            0.192808,
            -0.207998
          ],
          [
            -1.571429,
            -2.079183,
            2.6178,
            -0.207998,
            10.323648
          ]
        ],
        "n": 1892
      },
      "roc": {
        "mu": [
          4.560556,
          -14.491667,
          5.671926,
          1.834278,
          6.384023,
          84.562593
        ],
        "cov": [
          [
            29.080796,
            1.490857,
            0.92112,
            -1.296207,
            0.328404,
            -1.842667
          ],
          [
            1.490857,
            10.334975,
            0.101287,
            0.048818,
            0.126646,
            -2.256117
          ],
          [
            0.92112,
            0.101287,
            0.152765,
            -0.129134,
            -0.001558,
            0.156354
          ],
          [
            -1.296207,
            0.048818,
            -0.129134,
            0.588146,
            0.064815,
            -0.624274
          ],
          [
            0.328404,
            0.126646,
            -0.001558,
            0.064815,
            0.199924,
            -0.246282
          ],
          [
            -1.842667,
            -2.256117,
            0.156354,
            -0.624274,
            -0.246282,
            10.736664
          ]
        ],
        "n": 2160
      }
    },
    "CH_R": {
      "mlb": {
        "mu": [
          3.869299,
          15.091128,
          35.861372,
          6.467732,
          86.816372
        ],
        "cov": [
          [
            22.883562,
            1.905803,
            26.283367,
            0.055892,
            -1.867484
          ],
          [
            1.905803,
            13.964712,
            -8.079959,
            0.013722,
            0.447599
          ],
          [
            26.283367,
            -8.079959,
            133.97773,
            0.008121,
            -3.323
          ],
          [
            0.055892,
            0.013722,
            0.008121,
            0.136493,
            -0.088444
          ],
          [
            -1.867484,
            0.447599,
            -3.323,
            -0.088444,
            10.938527
          ]
        ],
        "n": 3280
      },
      "roc": {
        "mu": [
          3.942652,
          14.940167,
          5.590934,
          -1.73113,
          6.457952,
          86.731302
        ],
        "cov": [
          [
            22.657791,
            1.267473,
            0.870021,
            0.465269,
            0.072629,
            -1.796889
          ],
          [
            1.267473,
            15.570434,
            -0.330952,
            -0.311084,
            -0.002072,
            0.690568
          ],
          [
            0.870021,
            -0.330952,
            0.175527,
            0.091084,
            -0.015553,
            -0.114458
          ],
          [
            0.465269,
            -0.311084,
            0.091084,
            0.445926,
            -0.000263,
            0.197146
          ],
          [
            0.072629,
            -0.002072,
            -0.015553,
            -0.000263,
            0.144542,
            -0.090641
          ],
          [
            -1.796889,
            0.690568,
            -0.114458,
            0.197146,
            -0.090641,
            10.354251
          ]
        ],
        "n": 3824
      }
    },
    "CU_L": {
      "mlb": {
        "mu": [
          -11.384916,
          7.370781,
          46.749262,
          6.2877,
          79.48597
        ],
        "cov": [
          [
            18.874799,
            -7.335071,
            -13.377333,
            0.310588,
            6.205365
          ],
          [
            -7.335071,
            18.924837,
            -2.370734,
            -0.242535,
            -8.763473
          ],
          [
            -13.377333,
            -2.370734,
            84.725586,
            0.731755,
            -5.771885
          ],
          [
            0.310588,
            -0.242535,
            0.731755,
            0.17559,
            0.189384
          ],
          [
            6.205365,
            -8.763473,
            -5.771885,
            0.189384,
            15.430352
          ]
        ],
        "n": 948
      },
      "roc": {
        "mu": [
          -11.52242,
          7.784964,
          6.036557,
          1.596708,
          6.279324,
          79.565836
        ],
        "cov": [
          [
            17.972462,
            -7.054042,
            -0.421369,
            1.392239,
            0.335392,
            5.757541
          ],
          [
            -7.054042,
            20.093656,
            0.291169,
            -0.303652,
            -0.39334,
            -7.929196
          ],
          [
            -0.421369,
            0.291169,
            0.112117,
            -0.079292,
            -0.042453,
            -0.359038
          ],
          [
            1.392239,
            -0.303652,
            -0.079292,
            0.430751,
            0.036442,
            0.059443
          ],
          [
            0.335392,
            -0.39334,
            -0.042453,
            0.036442,
            0.180569,
            0.175397
          ],
          [
            5.757541,
            -7.929196,
            -0.359038,
            0.059443,
            0.175397,
            14.553774
          ]
        ],
        "n": 1124
      }
    },
    "CU_R": {
      "mlb": {
        "mu": [
          -12.031412,
          -8.617455,
          43.869781,
          6.428417,
          80.744453
        ],
        "cov": [
          [
            12.724152,
            1.144141,
            -12.431049,
            0.061239,
            2.678553
          ],
          [
            1.144141,
            20.805698,
            19.541756,
            0.076357,
            7.647686
          ],
          [
            -12.431049,
            19.541756,
            92.35028,
            -0.085744,
            1.397056
          ],
          [
            0.061239,
            0.076357,
            -0.085744,
            0.156532,
            0.145336
          ],
          [
            2.678553,
            7.647686,
            1.397056,
            0.145336,
            15.337236
          ]
        ],
        "n": 2515
      },
      "roc": {
        "mu": [
          -12.007549,
          -8.765941,
          5.924382,
          -1.638732,
          6.434136,
          80.630091
        ],
        "cov": [
          [
            12.877024,
            1.136963,
            -0.473184,
            -0.473991,
            0.076118,
            2.500452
          ],
          [
            1.136963,
            20.935517,
            0.576523,
            0.449651,
            0.025835,
            7.739203
          ],
          [
            -0.473184,
            0.576523,
            0.17003,
            0.08705,
            -0.043596,
            -0.152191
          ],
          [
            -0.473991,
            0.449651,
            0.08705,
            0.435083,
            -0.029011,
            -0.011898
          ],
          [
            0.076118,
            0.025835,
            -0.043596,
            -0.029011,
            0.15433,
            0.120723
          ],
          [
            2.500452,
            7.739203,
            -0.152191,
            -0.011898,
            0.120723,
            14.853127
          ]
        ],
        "n": 2848
      }
    },
    "FC_L": {
      "mlb": {
        "mu": [
          8.434008,
          1.704251,
          38.303846,
          6.399352,
          88.961134
        ],
        "cov": [
          [
            8.29329,
            -2.506639,
            1.377519,
            -0.007507,
            1.463714
          ],
          [
            -2.506639,
            7.811937,
            4.943195,
            0.017108,
            -0.317514
          ],
          [
            1.377519,
            4.943195,
            93.634251,
            -0.197278,
            8.144547
          ],
          [
            -0.007507,
            0.017108,
            -0.197278,
            0.145451,
            0.225026
          ],
          [
            1.463714,
            -0.317514,
            8.144547,
            0.225026,
            5.669065
          ]
        ],
        "n": 988
      },
      "roc": {
        "mu": [
          8.51183,
          1.665989,
          5.723808,
          1.967348,
          6.409057,
          88.955453
        ],
        "cov": [
          [
            8.834458,
            -2.743122,
            -0.071254,
            -0.003843,
            -0.024642,
            1.471425
          ],
          [
            -2.743122,
            7.8685,
            0.249507,
            0.144774,
            0.02262,
            -0.250721
          ],
          [
            -0.071254,
            0.249507,
            0.12998,
            -0.105451,
            -0.009199,
            0.348517
          ],
          [
            -0.003843,
            0.144774,
            -0.105451,
            0.531263,
            0.090237,
            -0.336104
          ],
          [
            -0.024642,
            0.02262,
            -0.009199,
            0.090237,
            0.139955,
            0.2191
          ],
          [
            1.471425,
            -0.250721,
            0.348517,
            -0.336104,
            0.2191,
            5.665285
          ]
        ],
        "n": 1082
      }
    },
    "FC_R": {
      "mlb": {
        "mu": [
          8.707946,
          -2.1052,
          37.474881,
          6.414478,
          90.110582
        ],
        "cov": [
          [
            9.96827,
            1.22617,
            6.698507,
            0.065299,
            2.414432
          ],
          [
            1.22617,
            8.995057,
            -10.110753,
            -0.140406,
            2.155267
          ],
          [
            6.698507,
            -10.110753,
            116.623405,
            -0.152242,
            3.431156
          ],
          [
            0.065299,
            -0.140406,
            -0.152242,
            0.206953,
            0.076471
          ],
          [
            2.414432,
            2.155267,
            3.431156,
            0.076471,
            8.676771
          ]
        ],
        "n": 2731
      },
      "roc": {
        "mu": [
          8.623601,
          -2.059884,
          5.642035,
          -1.701238,
          6.382844,
          89.890389
        ],
        "cov": [
          [
            10.03491,
            1.238295,
            0.204075,
            0.424122,
            0.089819,
            2.784234
          ],
          [
            1.238295,
            8.812747,
            -0.352611,
            -0.251468,
            -0.129929,
            1.787642
          ],
          [
            0.204075,
            -0.352611,
            0.173199,
            0.099364,
            -0.035012,
            0.056749
          ],
          [
            0.424122,
            -0.251468,
            0.099364,
            0.478338,
            -0.051823,
            0.241512
          ],
          [
            0.089819,
            -0.129929,
            -0.035012,
            -0.051823,
            0.203481,
            0.127438
          ],
          [
            2.784234,
            1.787642,
            0.056749,
            0.241512,
            0.127438,
            8.903072
          ]
        ],
        "n": 3288
      }
    },
    "FF_L": {
      "mlb": {
        "mu": [
          16.433132,
          -8.063533,
          40.913606,
          6.458163,
          93.386104
        ],
        "cov": [
          [
            8.276647,
            3.976959,
            22.254625,
            0.033315,
            0.383315
          ],
          [
            3.976959,
            15.41071,
            25.937277,
            0.271256,
            -0.367946
          ],
          [
            22.254625,
            25.937277,
            142.600393,
            0.452158,
            3.252461
          ],
          [
            0.033315,
            0.271256,
            0.452158,
            0.17151,
            -0.099606
          ],
          [
            0.383315,
            -0.367946,
            3.252461,
            -0.099606,
            5.503363
          ]
        ],
        "n": 4138
      },
      "roc": {
        "mu": [
          16.443072,
          -7.952462,
          5.726755,
          1.737064,
          6.466557,
          93.320743
        ],
        "cov": [
          [
            8.266072,
            3.173471,
            0.464485,
            -0.856366,
            0.055573,
            0.583091
          ],
          [
            3.173471,
            16.230109,
            0.64337,
            -0.939616,
            0.266904,
            -0.515244
          ],
          [
            0.464485,
            0.64337,
            0.149454,
            -0.140736,
            -0.012513,
            0.046451
          ],
          [
            -0.856366,
            -0.939616,
            -0.140736,
            0.513922,
            0.00619,
            -0.248531
          ],
          [
            0.055573,
            0.266904,
            -0.012513,
            0.00619,
            0.171727,
            -0.121151
          ],
          [
            0.583091,
            -0.515244,
            0.046451,
            -0.248531,
            -0.121151,
            5.401068
          ]
        ],
        "n": 4792
      }
    },
    "FF_R": {
      "mlb": {
        "mu": [
          16.272855,
          7.809855,
          39.391546,
          6.532,
          95.043271
        ],
        "cov": [
          [
            7.712009,
            -2.647048,
            17.380354,
            0.195251,
            0.270025
          ],
          [
            -2.647048,
            15.714174,
            -26.535607,
            -0.254317,
            -0.450327
          ],
          [
            17.380354,
            -26.535607,
            133.747063,
            0.539834,
            3.712535
          ],
          [
            0.195251,
            -0.254317,
            0.539834,
            0.183156,
            0.068507
          ],
          [
            0.270025,
            -0.450327,
            3.712535,
            0.068507,
            5.535378
          ]
        ],
        "n": 10989
      },
      "roc": {
        "mu": [
          16.285251,
          7.838549,
          5.650502,
          -1.632087,
          6.511255,
          94.967507
        ],
        "cov": [
          [
            7.855283,
            -2.855629,
            0.47118,
            0.586028,
            0.191492,
            0.337888
          ],
          [
            -2.855629,
            16.641382,
            -0.745295,
            -0.824454,
            -0.254178,
            -0.229216
          ],
          [
            0.47118,
            -0.745295,
            0.180326,
            0.118778,
            -0.014715,
            0.128528
          ],
          [
            0.586028,
            -0.824454,
            0.118778,
            0.438515,
            -0.004999,
            0.169718
          ],
          [
            0.191492,
            -0.254178,
            -0.014715,
            -0.004999,
            0.178729,
            0.048708
          ],
          [
            0.337888,
            -0.229216,
            0.128528,
            0.169718,
            0.048708,
            5.61512
          ]
        ],
        "n": 13126
      }
    },
    "FS_L": {
      "mlb": {
        "mu": [
          3.149724,
          -10.953867,
          37.76989,
          6.483867,
          85.422376
        ],
        "cov": [
          [
            26.080125,
            2.29842,
            30.999147,
            0.639735,
            2.845976
          ],
          [
            2.29842,
            18.233406,
            15.415243,
            0.1585,
            -4.097268
          ],
          [
            30.999147,
            15.415243,
            119.217678,
            1.039937,
            4.307961
          ],
          [
            0.639735,
            0.1585,
            1.039937,
            0.225187,
            0.084514
          ],
          [
            2.845976,
            -4.097268,
            4.307961,
            0.084514,
            6.007947
          ]
        ],
        "n": 362
      },
      "roc": {
